 0.214213, 1 vs. 2
 0.165353, 2 vs. 3
 -0.0140566, 3 vs. 4
 0.0665097, 4 vs. 5
 0.326494, 5 vs. 6
 0.0930149, 6 vs. 7
 0.0844181, 7 vs. 8
 0.181161, 8 vs. 9
 0.340975, 9 vs. 10
 0.249767, 10 vs. 11
 0.285668, 11 vs. 12
 0.157578, 12 vs. 13
 0.145277, 13 vs. 14
 0.121918, 14 vs. 15
 0.354867, 15 vs. 16
 0.237032, 16 vs. 17
 0.40021, 17 vs. 18
 0.120053, 18 vs. 19
 0.076924, 19 vs. 20
 0.160064, 20 vs. 21
 0.212053, 21 vs. 22
 0.0229658, 22 vs. 23
 0.0232908, 23 vs. 24
 0.161798, 24 vs. 25
 -0.00284154, 25 vs. 26
 0.196338, 26 vs. 27
 0.0582979, 27 vs. 28
 0.0697413, 28 vs. 29
 0.340272, 29 vs. 30
 0.343207, 30 vs. 31
 0.145901, 31 vs. 32
 0.0597702, 32 vs. 33
 0.18832, 33 vs. 34
 0.33991, 34 vs. 35
 0.0504403, 35 vs. 36
 0.214935, 36 vs. 37
 0.241467, 37 vs. 38
 0.0556242, 38 vs. 39
 -0.00108511, 39 vs. 40
 -0.0612633, 40 vs. 41
 0.130648, 41 vs. 42
 0.143761, 42 vs. 43
 0.22637, 43 vs. 44
 0.0216043, 44 vs. 45
 0.174838, 45 vs. 46
 -0.00389424, 46 vs. 47
 0.109326, 47 vs. 48
 0.0188381, 48 vs. 49
 0.310074, 49 vs. 50
 0.22807, 50 vs. 51
 0.155747, 51 vs. 52
 0.219459, 52 vs. 53
 0.201952, 53 vs. 54
 0.230134, 54 vs. 55
 0.16827, 55 vs. 56
 0.136701, 56 vs. 57
 0.193909, 57 vs. 58
 0.183781, 58 vs. 59
 0.13913, 59 vs. 60
