 0.750511, 1 vs. 2
 0.803227, 2 vs. 3
 0.476574, 3 vs. 4
 0.638839, 4 vs. 5
 0.955003, 5 vs. 6
 0.821952, 6 vs. 7
 0.794012, 7 vs. 8
 0.824406, 8 vs. 9
 0.893751, 9 vs. 10
 0.882173, 10 vs. 11
 0.862102, 11 vs. 12
 0.734759, 12 vs. 13
 0.734322, 13 vs. 14
 0.61838, 14 vs. 15
 0.830583, 15 vs. 16
 0.792247, 16 vs. 17
 0.821886, 17 vs. 18
 0.929874, 18 vs. 19
 0.731215, 19 vs. 20
 0.837726, 20 vs. 21
 0.881031, 21 vs. 22
 0.837668, 22 vs. 23
 0.847869, 23 vs. 24
 0.799138, 24 vs. 25
 0.817912, 25 vs. 26
 0.818913, 26 vs. 27
 0.714219, 27 vs. 28
 0.695465, 28 vs. 29
 0.696501, 29 vs. 30
 0.865861, 30 vs. 31
 0.88893, 31 vs. 32
 0.803745, 32 vs. 33
 0.655436, 33 vs. 34
 0.635336, 34 vs. 35
 0.741926, 35 vs. 36
 0.661073, 36 vs. 37
 0.872782, 37 vs. 38
 0.872629, 38 vs. 39
 0.768927, 39 vs. 40
 0.685246, 40 vs. 41
 0.420794, 41 vs. 42
 0.674909, 42 vs. 43
 0.839079, 43 vs. 44
 0.697275, 44 vs. 45
 0.78223, 45 vs. 46
 0.790657, 46 vs. 47
 0.73475, 47 vs. 48
 0.51936, 48 vs. 49
 0.596167, 49 vs. 50
 0.628331, 50 vs. 51
 0.712612, 51 vs. 52
 0.848559, 52 vs. 53
 0.780993, 53 vs. 54
 0.591745, 54 vs. 55
 0.636313, 55 vs. 56
 0.531183, 56 vs. 57
 0.762326, 57 vs. 58
 0.898571, 58 vs. 59
 0.730156, 59 vs. 60
