0.114809
0.302642
1.26987
-0.367499
0.0852433
-0.13014
-0.889635
0.579018
-0.273633
-0.354793
-0.182293
0.0732977
0.567913
0.107741
-0.00707071
-0.219034
-0.00934696
0.384441
-0.7973
-0.143869
0.0381748
0.657973
-0.810064
0.491798
-0.0366429
0.157377
-0.00278036
0.082129
-0.221916
0.435582
-0.953694
0.395086
-0.0397388
0.580115
-0.47343
0.228371
-0.12947
0.308408
-0.579499
0.250313
-0.206491
0.427284
-0.22037
0.331023
-0.832482
0.644761
0.333396
-0.695149
0.0369637
0.116024
0.314895
0.415575
-1.27059
-0.0787089
0.0699842
0.227298
0.480869
0.11782
-0.674458
1.18859
-0.229654
-0.110615
-0.1516
-0.27776
0.166166
-0.521081
1.68994
-0.751865
-0.251841
-0.32087
-0.405205
0.441341
-0.420344
0.192407
-0.370864
0.482083
-0.504855
0.862276
-0.60804
0.5156
0.191952
-0.0182504
-0.619467
0.231104
0.0263632
0.0150112
-0.330926
0.608676
-0.696065
0.412724
-0.0354179
0.11061
-0.308977
0.590856
-0.345816
-0.441493
0.296559
0.00690891
0.105288
-0.0190259
-0.355563
0.215964
0.213285
0.0781545
-0.164311
-0.179648
-0.10437
0.50202
-0.0139877
-0.068229
-0.447655
0.848969
-0.301634
-0.342752
0.395001
-0.51473
-0.0183489
0.0534669
0.335435
-0.0249322
-0.300684
0.234463
-0.274899
-0.328447
0.683162
0.342994
-0.0824037
-0.494416
-0.332907
0.214549
0.132626
-0.0283517
0.47955
0.118759
-0.224508
-0.351156
0.152036
0.194059
-0.0822627
0.571178
-0.97803
-0.0290854
-0.0985472
0.527258
-0.373896
-0.0141567
0.179192
0.340245
-0.942067
1.61712
-1.21083
0.229411
-0.329176
0.470677
-0.646394
0.811258
-0.109606
0.371579
-0.273929
0.375453
-0.0860582
-0.231066
0.965564
-1.09634
-0.126717
0.154385
-0.371307
0.101294
-0.302415
0.515539
-0.120517
0.144918
-0.025997
0.0689435
-0.262647
0.181653
0.495593
-0.863865
0.347587
-0.181883
0.105089
0.132154
0.133606
-0.296053
-0.0555789
0.442776
-0.213697
-0.0807094
0.103696
0.150386
-0.0500577
-0.255018
0.495301
-0.446684
0.00309279
-0.0896391
-0.306722
-0.355588
0.681571
0.0368482
0.117851
-0.751139
-0.104757
0.880039
-0.33591
0.000141418
0.415993
0.291549
-0.477362
-0.0758841
-0.286668
0.117904
-0.124323
0.510985
-0.0157109
-0.115104
-0.420478
0.558688
-0.145304
0.11109
0.147886
-0.813726
0.578689
0.065752
-0.816887
0.724053
-0.370345
0.460206
-0.269073
0.192169
0.417612
-0.00452056
-0.335594
0.122572
0.040803
-0.143652
-0.311004
0.25734
-0.104579
-0.305748
0.22743
0.428135
-0.335346
-0.0858918
-0.0636941
0.355314
-0.898863
1.1464
-0.535113
-0.0359536
0.142337
0.0436396
0.061246
0.00422525
-0.376174
0.452574
-0.203758
-0.195842
1.43775
-0.475803
-1.09165
0.262885
-0.461979
0.101308
0.125024
0.222722
-0.218491
0.157752
-0.0412725
0.0676738
-0.129481
0.320217
-0.564593
0.472836
0.441766
-0.0645001
-0.372163
0.079092
-0.0680165
-0.415044
0.301999
0.0128955
-0.0262755
-0.312679
-0.0881939
0.031067
0.109374
0.309281
0.0470787
0.0707694
-0.472915
0.0798751
0.210219
-0.0191904
-0.00843624
0.180367
-0.521353
0.93553
-0.57395
0.604174
-0.921835
0.406853
0.371377
-0.141147
-0.500834
0.200143
-0.118454
-0.0876306
0.128997
-0.201524
0.0667685
0.638037
-0.395311
0.103876
0.134594
0.102935
-0.86412
0.633343
-0.186218
0.403631
-0.242706
-0.133487
-0.0711586
0.205976
0.252352
0.174506
-0.391966
-0.213639
-0.0637828
0.468693
-0.708507
0.485688
-0.71797
0.22741
0.249027
0.449654
-0.240865
0.339404
-0.492851
-0.442238
0.453308
0.0999104
0.320267
0.0805997
-0.251679
-0.0681201
-0.417496
0.323818
-0.139497
0.149108
0.24402
-0.44174
-0.338972
0.729158
-0.0416043
0.0770705
0.915586
-0.293157
-0.731117
-0.0468136
0.52075
-0.494352
0.0651907
0.473862
-0.612487
-0.0727944
-0.273894
-0.00540604
0.366394
0.21967
-0.414137
0.236126
-0.195844
0.0479164
0.193009
-0.642326
0.0130703
0.477239
0.204014
-0.273546
-0.244344
0.0728307
0.302245
0.180782
0.31605
-0.0868606
-0.320154
-0.0156784
-0.193618
0.297195
-0.348707
0.243688
-0.0892163
0.344537
-0.455889
-0.204365
0.318657
-0.0762551
0.0302225
-0.0197048
0.541289
-0.25586
-0.525803
0.559345
-0.88954
1.24972
0.0912958
-0.143702
-1.15902
0.88454
0.0948234
-0.189446
-0.234567
0.406398
-0.220666
0.0152985
-0.331766
0.408351
0.439924
-0.573473
0.0713559
0.0462781
-0.296448
-0.108211
0.833459
-0.959742
0.533882
-0.117334
-0.0709312
-0.00254223
0.28649
-0.555871
-0.169567
0.698125
0.0604102
-0.115129
-0.398751
0.244391
-0.898293
1.21378
-0.292366
-0.0235996
0.453167
-0.276839
-0.130149
0.407661
-0.539523
0.310861
-0.217291
-0.281423
-0.0827823
0.521076
-0.235005
0.751585
-0.52174
-0.217173
0.0102833
0.59973
-1.29997
1.1609
-0.527819
0.738366
-0.959085
-0.141949
0.126045
0.817901
-0.583818
-0.600384
0.435098
-0.10994
0.794084
-0.900318
0.803767
-0.492625
0.972144
-0.870711
-0.0425394
0.0739624
-0.127438
0.236046
-0.140613
0.180186
-0.94189
0.762287
-0.212301
0.333435
-0.415605
-0.112887
0.657992
-0.247122
0.514536
-0.590539
-0.431382
1.08451
-0.40861
0.172497
-0.23779
-0.606017
0.429264
0.309379
-0.0559218
0.356952
0.221175
-0.612866
0.108558
-0.87763
-0.369962
0.988394
0.303941
-0.116483
-0.351056
0.414788
0.0222946
-0.064032
0.838567
-0.260285
-0.411951
-0.408384
-0.369308
0.652753
0.250337
-0.0611244
0.23906
-0.594839
-0.160062
0.78851
-0.72812
0.0251752
-0.193099
-0.201942
-0.0507717
0.397727
-0.207736
0.100465
0.135063
0.134613
0.152664
0.35264
-0.270743
-0.153264
-0.208291
0.524805
-0.554512
-0.134172
-0.223086
0.146018
0.540059
0.165134
-1.04042
0.164246
0.208895
0.196363
-0.134623
0.00208693
-0.119783
0.141223
-0.379564
0.897199
-0.6386
0.16406
0.0638565
0.249316
0.30203
-1.12278
0.189807
0.865743
0.197767
0.204481
-0.403958
-0.422612
0.235468
-0.0472715
0.083114
0.190593
-0.212909
0.167401
-0.94714
0.02686
0.470564
0.408527
-0.251342
0.182141
0.117176
-0.0173182
-0.365545
0.52683
-0.168886
-0.0256003
-0.375022
0.295081
-0.389674
-0.196592
0.475156
0.405854
-0.534697
-0.340919
0.796019
-0.311973
0.0214595
-0.160682
0.161393
-0.179631
-0.112604
0.413634
-0.295353
-0.144663
0.042452
-0.392563
1.11532
-0.861536
0.132245
0.689437
-0.10995
-0.696853
0.452911
-0.210792
0.405541
-0.480044
0.000624748
-0.28576
0.282646
-0.411506
0.608362
-0.20077
-0.327769
1.08549
-0.781076
0.290852
-0.132466
-0.188957
-0.0161757
0.319021
0.0095615
-0.150304
0.110537
-0.344576
0.523391
-0.296396
0.779188
-0.829015
0.0259109
-0.293369
0.42547
0.470204
-0.27005
0.00370064
-0.0749129
-0.224788
-0.205018
0.386467
-0.998947
0.83906
-0.404935
0.0470689
-0.0164995
0.0829556
0.376792
0.0380673
-0.133408
-0.361799
-0.110556
0.284039
0.152125
-0.0845576
0.122118
-0.623667
1.15383
-0.090351
-0.363203
0.391282
-0.368437
0.325509
-0.798935
0.569561
0.242715
0.054458
-0.706582
0.493176
-0.541225
0.881565
-0.450411
0.0380833
-0.746828
0.42465
-0.188957
0.29669
-0.450117
0.673498
-0.0305046
-0.438567
0.3942
0.0356179
-0.140733
-0.10307
0.604419
-0.963706
-0.044542
1.24846
-0.456343
-0.223456
-0.475514
0.747613
-0.773732
-0.0734747
0.15485
0.28462
-0.251228
0.306425
-0.112182
-0.0926522
0.0957528
0.172329
-0.304978
0.206353
0.227771
-0.394904
-0.0154933
-0.0355198
-0.226257
0.260051
0.200722
0.169038
-0.454193
-0.236711
0.557769
-0.30458
0.174841
-0.103601
0.0869574
-0.226867
0.294663
0.227337
-0.380002
0.0712998
0.110056
-0.0813825
0.305
0.258832
0.667936
-1.06652
0.13359
-0.422569
-0.0819248
-0.168829
0.442309
-0.425391
0.152184
0.559103
-1.06928
0.824261
-0.252285
-0.124623
0.436677
0.189733
-0.72906
0.0520766
0.105935
0.151133
0.210568
0.0729164
-0.137737
0.129761
0.0157278
0.391837
-0.828793
0.0396123
-0.00163802
0.0088589
-0.755579
1.42921
-0.829595
-0.0612501
-0.198122
0.444021
0.567198
0.101269
-0.329884
0.487492
-0.794662
-0.0197518
0.261746
-0.251812
-0.1729
0.116294
-0.117779
0.0675742
-0.143418
0.143285
0.240946
-0.01504
-0.221625
0.287006
-0.299204
0.135436
-0.418653
0.276987
-0.657742
0.702356
0.409665
-0.494263
0.363223
-0.13506
-0.250721
0.724477
-0.783152
-0.0781239
0.0790998
0.0835608
0.669441
-0.266498
-0.414051
0.139734
0.0813846
0.200181
-0.0545905
-0.00560386
-0.328512
-0.209223
0.383204
-0.295797
0.122938
0.340854
-0.0354348
-0.322303
0.327884
-0.550333
0.418932
-0.0209916
-0.0305381
0.0822077
-0.0703178
0.79644
-0.451981
-0.0301408
1.09179
-0.845098
-0.371454
0.269684
-0.993507
0.496678
-0.196252
0.526681
-0.380774
0.606584
-0.74652
0.255966
-0.0710218
0.534579
-0.285532
-0.026052
0.0752368
0.691593
-0.847486
-0.404813
0.597228
-0.18234
0.4242
-0.52884
0.0656717
0.440245
-0.47563
0.457054
-0.601793
0.512218
0.194991
-0.546302
-0.493165
1.02209
-0.198433
-0.151487
0.25498
0.0852243
-0.874463
0.14233
0.438858
-0.249877
0.418694
-0.700219
0.38546
0.169043
0.453043
-0.830351
1.47439
-0.0960492
-0.130078
-1.05914
0.866343
-0.120822
-0.883093
-0.110028
-0.100301
-0.0936153
0.0434869
-0.140655
1.43911
-0.624514
0.150357
-0.335609
-0.232754
-0.151287
0.377768
-0.177533
0.761561
-0.76799
0.361816
0.492056
-0.922436
0.199093
-0.357523
0.728543
0.223916
-0.305715
-0.451694
0.163192
0.675855
-0.606303
-0.635825
0.33776
0.387095
0.319018
-0.866772
-0.122436
1.43307
-1.29671
0.331051
0.257575
0.213951
-0.800246
0.429711
-0.127256
0.0666411
-0.0670487
-0.0152119
0.767658
-1.083
0.669896
-1.03867
0.377234
0.0106074
0.146546
-0.272304
0.825027
-0.203871
0.1868
-0.622953
0.299324
0.123654
-0.0741727
-0.521962
0.124276
0.227486
-0.0714913
-0.218922
0.468832
-0.16692
0.190358
0.191977
-0.0413927
-0.277775
-0.12723
0.185018
0.213075
0.00963002
-0.435884
-0.681758
1.37604
-0.317316
-0.154119
-0.0981959
0.150065
0.0543218
-0.249001
-0.746991
0.510924
0.258795
0.0854853
0.162647
-0.0974221
0.220656
0.288866
-0.455353
0.202846
-0.68525
0.124652
0.158882
0.156109
-0.242324
0.190618
-0.385927
1.09243
-0.42863
-0.26796
-0.0825487
0.355848
-0.258
-0.134715
-0.00522496
0.0136439
0.204342
-0.138625
0.117549
-0.242434
0.160024
0.235584
-0.16922
0.509243
-0.6958
-0.0287241
0.250043
-0.187513
0.248373
0.303406
-0.327119
0.147862
-0.734425
0.497609
-0.300377
0.327032
-0.643667
0.224379
-0.205624
1.36736
-0.245443
-0.0923514
-0.321346
-0.0666103
0.849157
-0.377484
-0.688588
0.233683
0.0464913
-0.0646996
1.00579
-0.292197
-1.04193
0.494901
-0.645882
0.938138
-0.448043
0.329354
-0.271741
-0.366966
0.0770173
0.161739
0.326577
-0.112674
-0.229652
0.0569919
-0.440733
0.963428
-0.863084
0.111109
0.00309917
0.874734
0.212544
-0.61293
0.445599
-0.431717
-0.401552
-0.113805
0.0632969
0.679998
-0.250037
0.0621848
-0.231034
0.0281586
0.366709
0.146128
-0.686381
0.135121
0.662504
-0.108983
-1.04242
0.308603
0.190238
0.124614
0.0355551
-0.591858
0.395606
-0.119986
0.165909
-0.526513
0.189829
0.146342
0.12174
0.315138
0.379042
-0.349372
-0.805474
0.357288
-0.14469
0.0698099
0.0511995
0.201674
-0.0654544
0.00436191
-0.0803487
0.0229417
0.0920718
0.107565
-0.0709256
-0.0724712
0.0861151
-0.0667436
0.207363
-0.362539
-0.139715
0.334763
-0.157666
-0.0397206
0.521749
-0.595847
0.442923
-0.237622
0.102758
0.177001
-0.337428
-0.101656
-0.292803
0.413457
0.350154
-0.125673
-0.567023
0.750436
-0.522341
0.370876
-0.471241
-0.359901
0.302289
0.41349
-0.415587
1.03847
-1.29
0.281545
0.109379
0.439044
-0.309661
0.00757585
0.0402873
0.184116
-0.367282
-0.352393
-0.0221711
0.474806
0.539435
0.159058
-0.86329
0.32992
-0.238371
-0.0520485
-0.0986965
0.185827
0.149158
-0.132203
0.116453
-0.214227
-0.264379
0.103381
-0.236324
0.637915
0.395262
-0.4431
0.205367
-0.87856
0.806709
-0.382579
-0.200797
0.625385
-0.215009
-0.260128
-0.0715882
1.13051
-0.478745
-0.163301
-0.109268
0.216879
-0.758053
0.78907
-0.147802
-0.0608872
-0.161542
0.785613
-0.817082
0.520725
0.00881502
-0.596718
-0.225371
0.349329
-0.271322
-0.0229674
0.518373
-0.36119
-0.376071
0.588272
0.0956096
-0.174379
-0.488854
0.569822
-0.372753
0.531292
-0.350326
0.0412333
0.295801
0.076418
-0.2285
-0.0516044
-0.343887
0.689793
-0.361054
0.234116
-0.204269
0.0973463
-0.402592
0.0713074
0.160526
0.565747
-0.273878
-0.177736
1.15136
-1.16403
-0.521068
0.62373
-0.885309
1.7081
-1.82954
0.981887
-0.356471
0.421884
-0.0972795
0.416038
-0.775706
1.22163
-1.07268
0.444547
-0.202916
0.000634933
-0.146627
0.447975
-0.546514
-0.173434
-0.0787973
0.405279
0.262685
-0.590014
0.24177
0.124236
-0.0956722
-0.125727
-0.378902
0.603119
-0.167333
-0.0691941
0.203858
0.361125
-1.01684
-0.0206509
1.08318
-0.509975
0.430682
-0.0534385
-0.894753
-0.074455
0.636804
-0.394533
0.312647
0.41429
-0.411815
-0.532063
-0.198715
0.43195
0.263273
-0.077624
0.0110293
-0.189323
-0.24953
0.893901
-0.277142
-0.356056
0.495013
0.244449
-0.818543
1.15987
-0.898085
-0.142539
0.440075
-0.031514
-0.151681
-0.206249
0.985194
-0.0713559
-1.28315
0.66446
0.100702
-0.189201
-0.0180942
-0.137384
-0.0123232
0.246188
-0.212662
0.400573
-0.336919
0.72903
-0.978485
0.251317
-0.0614124
0.446981
-0.462171
-0.188747
0.0379727
-0.113487
0.754516
-0.225874
-0.207828
-0.13049
1.54192
-0.472925
-0.61793
0.390218
-0.540248
0.0537985
0.508638
-1.27244
1.04313
-0.199708
-0.667116
-0.0518614
0.581268
-0.0704267
-0.12509
-0.108943
0.228416
0.631539
-0.813635
0.131009
0.456362
-0.055132
-0.373992
0.175714
-0.431029
0.74178
-0.684386
0.727517
-0.442572
0.896683
-1.03221
-0.00619833
-0.951406
0.85393
-0.321472
1.13075
-0.266732
-0.241778
0.119396
0.369846
-0.392995
0.098987
-0.141884
-0.378154
0.333389
-0.88338
0.329931
0.681742
-0.713152
0.846298
-0.48464
-0.111694
0.123688
0.4571
0.0106284
-0.506584
-0.10455
0.315766
-0.723953
0.929513
-0.0866075
-0.263271
0.109576
0.327187
-0.663665
0.533295
-0.430577
0.429858
-0.081629
-0.16146
0.26709
-0.264207
0.926433
-0.978915
0.473656
-0.595195
0.072752
0.528478
-0.721997
0.921938
-0.532662
-0.0232512
-0.0935866
0.0738371
0.411406
-0.515193
0.150917
0.802411
-0.499041
0.230449
-0.826207
0.201904
-0.201772
0.402996
-0.0368675
-0.430441
1.59381
-1.46116
0.236545
-0.134378
-0.0148277
0.134509
-0.498192
0.837785
-0.777022
0.449464
-0.165982
0.277597
-0.378579
-0.0462307
0.449875
0.200573
-1.01896
0.281701
0.561744
-0.122332
-0.21417
0.241444
-0.490922
0.508922
0.27083
0.651711
-1.40415
0.396136
-0.0468947
0.737992
-0.805244
0.2228
-0.42847
0.116525
0.00399816
0.141832
0.287329
-0.190825
-0.32002
-0.493584
0.327214
0.251077
0.156808
0.112857
-0.874706
0.677301
0.284625
-0.263833
-0.133109
0.0806591
-0.227511
0.654035
-0.352457
0.181835
-0.595337
0.630767
-0.252651
0.215224
0.122291
0.0917704
-0.318084
-0.290851
0.489467
-0.475329
-0.194709
0.457283
-0.505039
0.0173402
0.824842
-0.421479
-0.0291988
-0.383284
0.110309
0.272586
-0.564908
-0.134529
0.304229
0.786773
-0.435569
0.31099
-0.229411
-0.607017
0.330649
0.29258
-0.116376
0.322085
-0.537039
0.86657
-0.65614
0.132054
-0.218264
0.158806
0.0119868
0.0495098
0.297188
-0.218233
1.06922
-0.455293
-1.11823
0.518412
-0.458833
0.323816
0.82812
-0.680257
-0.250221
0.680168
-0.123963
0.293477
-0.62149
0.609
-0.319117
-0.201292
0.137501
-0.00826376
-0.39254
0.39482
0.156866
-0.43634
0.20566
-0.348308
0.0586101
0.570385
-0.333976
-0.389326
0.581401
-1.03419
0.376868
1.20835
-0.977724
0.355825
-0.855097
0.651767
0.607173
-0.9325
-0.268249
0.478852
-0.284118
0.48063
0.121092
0.422976
-0.770123
0.491119
-0.0366889
-0.395047
-0.567825
0.75724
0.25765
-0.219371
-0.334432
0.0328139
0.387202
-0.114788
-0.000366648
-0.377146
0.333262
0.199048
-0.492391
0.137019
0.301724
-0.246595
0.206805
-0.397094
0.278111
-0.484763
0.505487
-0.212173
-0.422649
0.364321
-0.161449
0.433976
-0.235576
-0.206181
-0.57806
0.668953
0.254699
-0.0739049
-0.706906
0.807954
0.774127
-0.642594
-0.00928182
-0.855201
0.827771
-0.201553
-0.015528
-0.00884365
-0.433116
0.349122
0.406021
-0.247687
0.549165
-0.205016
0.759528
-1.06529
-0.493242
-0.0942525
0.514773
-0.140405
0.304945
0.0480432
-0.235386
0.0624898
0.0631159
-0.195431
0.198109
0.436136
-0.190253
-0.378587
0.167491
-0.127679
0.274843
-0.691925
0.853951
-0.519372
0.0554087
-0.260723
-0.118714
0.289926
-0.59631
0.792
-0.232417
-0.1874
-0.181374
0.930289
-0.528639
-0.2071
-0.409683
0.532849
0.00851285
0.756151
-0.096209
-0.46981
0.027997
0.280227
0.0753294
-0.255911
-0.471447
0.172015
0.922745
-0.357511
-0.24287
-0.421955
0.462844
-0.51913
-0.141696
0.444631
0.0404725
-0.112176
-0.57332
0.225134
-0.347035
0.263363
0.481655
-0.588389
-0.0482524
0.711275
-0.00454233
-0.394614
0.129414
-0.12708
0.706564
-0.655793
0.111651
-0.184052
0.219307
1.15619
-1.43391
0.53457
-0.623332
0.293712
-0.230098
0.682825
-0.617088
-0.0345405
0.898142
-0.460992
-0.234709
0.684315
-0.584696
0.170028
-0.0375129
0.294315
-0.362227
0.235912
0.348164
-0.814619
1.12887
-0.656882
0.999305
-0.905256
-0.0140313
-0.277386
0.30103
-0.192422
0.286799
-0.767123
1.09127
-0.804548
0.607728
-0.590876
-0.13534
1.04375
-1.47168
0.989495
0.0378802
-0.573958
-0.594965
0.651075
-0.274899
0.528706
-0.529503
0.550034
-0.338871
0.198519
-0.153879
-0.194858
0.519298
-0.00766912
-0.239149
-0.646792
0.343481
0.210806
0.0875782
-0.397223
0.187139
0.338745
0.0684697
0.134537
-0.34301
0.099626
-0.374361
0.702789
-0.693027
0.824075
-0.627096
0.234375
0.158029
0.229404
-0.419098
-0.21964
0.214663
-0.224661
-0.493479
1.11423
-0.808388
0.245294
0.29534
-0.612411
0.155598
-0.102289
0.0958329
0.399373
0.189056
-0.867153
0.32429
-0.246744
0.581183
-0.688917
1.16714
-0.596242
-0.350879
0.826747
-0.55484
-0.327995
0.76563
-0.329909
-0.302592
0.128517
0.168964
-0.248121
-0.008402
0.0524854
0.767646
-0.256797
-0.348686
-0.0558301
-0.157101
0.779751
-0.437107
-0.00670841
-0.801688
0.547275
-0.141123
0.416819
1.09775
-1.0353
0.00129351
-0.586482
-0.239801
0.101414
0.192761
-0.00256054
0.100756
0.458563
0.316735
-0.590536
-0.0455202
0.734568
-0.837905
0.0374472
0.385553
-0.234626
-0.350202
-0.111872
-0.0149807
0.425835
-0.411888
0.14918
0.411437
0.156047
-0.47135
0.193313
-0.127012
0.242052
-0.0794274
0.12975
0.174573
-0.591181
-0.0529847
0.401423
-0.663076
0.743014
0
0.0612094
-0.293941
-0.378949
1.15561
-0.316647
-1.11306
0.903164
-1.12006
0.529765
-0.330106
1.0504
0.314394
-0.457779
-0.469992
0.656968
-0.700554
0.437754
-0.153866
0.232854
-0.784173
0.991074
0.0238946
-0.0578691
-0.298226
0.15518
0.0799243
0.0143644
-0.202435
0.462422
-0.800416
0.141568
-0.152394
0.56492
-0.227288
-0.522244
-0.170668
0.399109
-0.111963
-0.166319
0.924972
-0.217484
-0.241614
-0.449714
-0.166513
0.574834
-0.147274
0.292766
-0.042306
0.0768538
0.324174
-0.0721807
0.0294788
-0.0212585
0.0565454
-0.394672
-0.0200591
0.465949
0.635838
-1.04394
0.127641
0.181546
-0.295823
-0.224413
-0.194535
0.977542
-0.257088
-0.245144
-0.0970185
-0.161465
0.127488
0.152673
-1.02816
0.395105
0.188574
0.878505
0.304918
-0.771857
-0.36044
0.335044
-0.137101
-0.224963
0.329897
-0.466503
0.374854
-0.0775231
0.100214
-0.0160832
-0.140493
-0.212302
0.0928345
0.794341
-0.55518
-0.010392
0.315613
-0.168457
-0.291865
0.987864
-0.624012
-0.036001
-0.633989
1.19611
-0.463449
0.000338922
0.350153
-0.00975984
-0.074829
-0.527417
0.470128
0.184943
-0.103236
-1.15676
0.244839
0.611555
-0.335384
0.0885798
-0.111223
0.0941248
-0.0311275
-0.400016
0.837548
-0.351109
0.212932
-0.577295
0.207175
0.467533
-0.152889
-0.105764
-0.0281296
0.335432
-0.611778
0.192649
-0.164895
-0.397623
0.834917
-0.397472
0.334502
-0.372368
0.820451
-1.00146
0.167377
0.142298
0.216825
0.130768
0.656711
-0.0575758
-0.694576
-0.0124798
-0.347773
0.162249
0.0512458
-0.0486251
0.0748097
-0.10596
1.33463
-2.10481
0.395617
0.273656
-0.0927061
-0.100898
0.128621
-0.277943
-0.0789191
0.297738
0.396848
-0.567633
0.930192
0.329458
-1.18117
1.31125
-1.04233
0.0981625
-0.0954966
-0.242341
0.57892
-0.525228
0.441631
-0.322461
0.388329
0.294847
-1.04804
1.17818
-0.751786
0.0112648
0.22503
0.259444
-1.02321
0.774544
0.28182
-0.112495
-0.300829
0.359858
0.04315
0.320845
-0.430216
0.157856
-0.963329
0.972545
-0.805871
0.531552
-0.604375
0.249963
0.673455
0.382411
-0.460192
-0.355229
-1.00422
0.423946
0.88609
-0.0766057
-0.679235
-0.0587727
0.53505
0.237384
0.723229
-0.898445
0.107771
-0.393806
0.543238
-0.173445
-0.152204
0.289711
-0.0776402
0.31886
-0.297204
-0.111274
-0.0165373
0.00512069
0.117597
-0.161644
0.043726
0.144458
-0.204176
0.228156
0.131307
-0.170712
-0.498661
0.00441752
0.177272
-0.102673
-0.0063784
0.242349
0.0947171
-0.465078
0.411697
0.862606
-0.636472
-0.678542
0.449299
-0.070999
1.04456
-0.923028
-0.0827623
0.0919058
0.124702
-0.121849
-0.0229913
-0.054158
-0.29938
0.365578
-0.93389
1.06859
-0.875473
0.148683
0.138626
-0.392678
0.339361
0.151394
0.516059
-0.788547
0.131869
0.350627
0.3096
-0.34666
-0.272864
0.274701
-0.079488
0.173988
0.351325
-0.609702
0.174595
0.174443
-0.0371418
-0.308887
0.149062
0.300359
-0.424569
0.561755
-0.8177
0.662124
-0.114964
0.212625
-0.166868
-0.129304
0.211125
-0.488734
0.237452
-0.273183
-0.448541
0.147511
0.34911
0.0283138
0.233432
-0.362558
0.0362935
0.108039
-0.342852
0.375137
0.0719768
-0.247892
0.580932
-0.493886
0.245908
0.00711141
0.44767
-0.567133
0.111596
-0.168054
0.278566
-0.683116
0.392259
0.0140025
0.581467
-0.959085
-0.0388175
0.217468
0.460213
-0.342764
-0.514716
0.0742482
0.618554
-0.0416263
0.222238
-0.4708
0.614081
0.0507013
-0.793275
-0.0179182
0.459687
0.177448
-0.182835
0.13403
0.349835
-0.643514
0.33274
-0.335818
1.35518
-1.02399
0.0951874
0.30226
0.42679
-0.430062
0.273409
-0.121869
-0.0996733
0.209478
-0.905685
-0.559015
0.354895
0.176727
-0.411166
0.10625
0.235917
0.342956
0.0733517
-0.015546
-0.351105
0.646952
-1.11806
1.23185
-0.451509
0.354217
-0.911701
0.764047
-0.603418
0.39081
-0.419669
0.0535547
0.110583
0.0489588
-0.130756
0.876752
-0.577406
-0.0332313
-0.412089
0.298189
0.349847
-0.21744
0.00177628
-0.413327
0.0292521
0.358445
-0.254277
-0.167229
0.110797
0.0246145
-0.202434
0.388998
0.536354
-0.286649
-0.936772
0.147437
0.80339
-0.275389
-0.309817
0.403438
-0.157339
0.457564
-0.672098
0.145854
-0.0971334
0.278282
0.199734
-0.454279
-0.276563
0.411409
-0.224415
0.00363426
-0.0222045
0.541815
-0.0875159
-0.316456
0.0502874
-0.250384
0.119091
0.158717
-0.0727763
0.322731
-0.0716999
0.201681
-0.319272
-0.229561
0.185255
0.204802
-0.384522
-0.0163948
0.369615
0.389995
-0.773313
0.219423
-0.310904
0.258491
1.00556
-0.322689
-0.601081
0.105074
0.0446766
0.335285
-0.102031
-0.0674201
-0.431409
0.246884
-0.544901
0.684398
-0.44919
0.0895972
0.453951
-0.599211
0.220783
0.282974
-0.141835
-0.105092
-0.0848915
0.278041
-0.086476
-0.28021
0.0371344
0.197503
0.502827
0.0395806
-0.101527
-0.525299
-0.23122
-0.0299709
0.937102
-0.773799
0.0779956
-0.15522
0.319872
-0.0548394
0.128484
-0.524204
-0.242526
-0.166631
0.840743
-0.677202
0.325165
0.0672569
0.366847
-0.0514682
-0.138813
-0.380007
0.312566
0.27578
-0.149968
-0.169436
0.435327
0.385228
-0.168367
-0.324809
0.183362
-0.02678
-0.0911974
0.0965203
-0.654293
-0.0637279
0.448801
0.051087
0.550449
-1.08722
-0.211925
0.0930645
0.49779
-0.353909
0.910868
-0.197702
-0.7375
0.68339
0.0979453
-0.459673
0.315474
0.259908
-0.196786
0.222566
-0.0264556
-0.576859
0.11696
0.114295
-0.0519307
-0.0358009
-0.0555572
0.119856
-0.276682
0.278418
-0.54991
0.757406
-0.826472
0.692741
0.856234
-1.49072
-0.379573
0.432673
-0.203523
0.938247
-0.373393
0.167991
0.0527555
-0.00682867
-0.44769
-0.295864
-0.00268197
0.153766
0.174665
0.426357
-0.406764
0.504798
0.0332852
-0.494382
-0.0709927
0.563509
-0.311152
-0.21562
0.165428
0.430312
-0.425423
0.370648
-0.367564
-0.16332
-0.0243748
-0.0530085
0.111862
0.363249
-0.0710233
-0.310983
0.0673876
0.264215
0.831753
-0.707444
-0.654748
-0.114358
0.635752
-0.208305
-0.255973
0.462737
-0.134822
0.189836
-0.0895871
0.12371
-0.0228048
-0.311649
-0.215721
0.339031
-0.242042
-0.295878
0.268807
0.153031
0.0218742
-0.0852766
0.3513
-0.315949
-0.0773442
0.2354
0.842945
-0.639257
-0.17237
-0.250955
-0.295792
0.566792
-0.285925
-0.263318
0.30004
0.356078
0.481633
-0.431945
0.785175
-0.836929
-0.651069
0.0356454
-0.248172
0.932724
-0.76686
0.752204
-0.419889
0.427353
-1.09564
0.665482
-0.0330039
0.154668
-0.114841
0.423336
-0.17741
-0.426725
0.325257
0.101469
1.00238
-1.8158
0.246094
-0.129374
0.604716
0.499644
-0.288738
-0.804249
1.07907
0.170262
-0.39211
-0.408301
0.26554
-0.156897
-0.223455
-0.187667
0.0481076
0.898436
-0.935359
0.591714
-0.256559
-0.148704
0.69873
-0.223406
-0.0567349
0.547702
-0.801047
0.138193
-0.314694
0.246679
-0.00858401
-0.582078
0.6936
-0.365804
0.590715
-0.571712
0.0356853
0.177115
-0.171455
-0.0464949
-0.58784
0.849205
0.0314828
-0.0727789
0.145703
0.255435
-0.721339
-0.129831
0.0703514
0.541338
-0.269362
0.428286
-0.208391
0.683497
-0.513735
-0.387541
-0.117955
-0.412757
0.863461
-0.158245
-0.0124921
-0.151125
-0.072479
0.118461
-0.619443
0.907214
-0.161449
-0.197782
0.0411292
0.137017
0.365629
-0.442302
-0.11189
-0.150578
0.0427694
0.327708
0.231684
-0.60888
0.0286927
0.827288
-0.13934
-0.54922
-0.0326861
0.384576
-0.376079
0.283667
-0.509401
-0.109611
0.832867
-0.288447
-0.363603
0.84568
-0.428763
-0.14649
-0.119345
0.350264
0.962314
-0.366362
-0.988693
0.0999399
0.295579
-0.303345
0.367259
-0.582155
0.39602
0.273206
-0.495148
0.476281
0.017554
0.232463
-1.20514
0.108115
0.392867
0.253448
-0.38664
0.260843
-0.0375082
-0.425538
0.742274
0.0767793
-0.196131
-0.122717
0.169461
-0.519651
-0.151103
0.361056
-0.740235
0.646929
-0.273957
-0.191641
1.0216
0.449064
-1.38391
0.376335
0.030321
0.328165
-0.137054
0.108847
-0.359323
0.09691
0.150451
0.127221
0.0788486
0.145132
0.0297973
-0.753415
0.661006
-0.577343
-0.156092
0.438887
-0.262982
0.0818852
0.121678
-0.307128
-0.0925886
0.725277
0.451169
-1.29167
0.76245
0.0405438
-0.177127
0.0802856
-0.33543
0.134884
0.452733
-0.724024
0.622299
-0.59764
0.255964
-0.256556
-0.245468
-0.023711
1.10222
-0.607563
-0.319996
1.18216
-0.655885
-0.513152
0.804695
-0.648378
0.560422
-0.469389
-0.151319
0.250183
0.0367015
0.310207
-0.0269689
-0.438022
0.308278
-0.526741
-0.0691621
0.646213
0.814336
-0.831357
-0.475906
0.0771772
0.103965
0.817946
-0.80561
0.313563
-0.539385
-0.0342983
0.245481
0.180632
0.00631284
-0.0472622
-0.030976
-0.0664407
-0.0489527
0.0368026
-0.0619947
-0.132835
0.344882
0.048523
0.121581
-0.793486
0.749792
-0.0325612
-0.256996
0.0288044
0.194427
-0.163758
-0.0475254
0.225355
-0.459916
0.447979
-0.127739
0.2042
-0.262167
0.0341083
0.197564
0.0862587
-0.0974177
0.0490557
-0.305551
0.147576
-0.302157
0.0181509
-0.0324277
0.168697
-0.293744
0.324511
0.423677
-0.893265
1.06413
-0.847511
0.0507918
0.127036
0.343962
-0.292302
-0.198057
0.551425
-0.828197
0.402643
0.477536
-0.443913
0.0501452
0.405979
0.0845955
-0.198177
-0.616926
0.427135
0.0103152
-0.157958
0.374833
-0.660477
0.924436
-0.346886
-0.432688
0.346508
0.112102
-0.341937
0.240898
0.245035
-0.347881
-0.620762
0.771196
-0.679303
0.788686
0.220659
-0.549718
0.813752
-0.968201
0.113697
0.263216
0.329637
-1.14804
0.141051
1.58523
-1.07843
-0.676336
0.601901
-0.0769217
0.103659
0.0516816
0.350851
-0.227117
0.188688
-0.217603
-0.441311
0.483344
-0.478338
0.759212
0.105597
-0.828997
0.38284
0.096455
-0.0948588
-0.282358
0.766852
-0.149501
-0.249692
-0.436645
0.0637708
0.944341
-0.81838
-0.0441325
-0.526082
1.25646
-0.0230785
-0.236674
-0.3854
0.40037
-0.926852
0.482563
0.0331485
0.645348
-0.429869
0.154189
-0.930627
0.847051
-0.100096
-0.0914865
-0.193038
-0.461083
0.223403
0.748655
-0.22045
-0.0620779
-0.228314
0.134099
0.808717
-1.01187
-0.450565
0.0820799
0.594024
-0.246936
-0.0594652
0.37483
-0.119195
0.15473
-0.024551
-0.640567
0.431035
0.396654
-0.151142
0.0447795
-0.109454
-0.237486
0.0755056
-0.327333
0.388001
-0.0261672
-0.0949322
-0.239327
0.468076
0.215223
0.0790368
0.033788
-0.399343
0.46442
-0.436653
-0.328424
0.142813
0.991512
-0.588148
-0.224863
-0.154745
-0.0774402
0.254081
0.0469494
0.0760706
0.111652
0.00713147
0.143547
-0.119906
-0.526583
0.446391
-0.35914
0.320222
-0.625647
1.10858
-1.32976
0.811376
0.272968
0.371816
0.239822
-0.51981
-0.799194
0.26681
-0.233057
0.131043
-0.067151
0.679921
-0.701308
0.538508
-0.786201
1.16851
-1.2012
-0.233752
0.0926572
0.233459
0.266239
0.170888
0.209407
0.0980845
-0.399282
-0.159533
-0.22889
0.301853
-0.139511
-0.2805
0.657222
-0.314329
0.375003
-0.034804
0.146329
-0.590097
0.354315
-0.387836
-0.100465
0.530841
-0.206456
0.0665961
0.427991
0.0565544
-0.152499
-0.532779
-0.211083
0.237747
-0.173895
0.159668
0.815786
-0.803309
0.522879
0.728699
-1.14945
0.695669
0.0253881
-0.487644
0.0465984
-0.186402
-0.103572
0.49615
0.10255
0.0790742
-0.583856
0.209411
-0.0686099
-0.00138753
-0.143083
0.189842
-0.316934
-0.139293
0.101226
0.281601
0.10513
0.407731
0.502611
-0.793262
-0.30103
0.430459
-0.338859
0.612471
-0.293638
-0.278066
-0.304943
0.214168
-0.121135
0.0704037
0.813801
0.0361117
-0.498749
0.0347953
-0.34838
0.284339
-0.220059
0.0423578
-0.210682
0.378086
-0.739734
0.40263
1.11344
-0.236789
-0.654748
-0.401272
0.377938
-0.17131
-0.287649
0.0230987
0.318114
-0.000201414
0.263074
-0.660087
-0.046056
1.012
-0.785428
-0.136554
0.125326
-0.521996
0.377027
0.230586
0.554275
-0.687267
0.751621
-0.255273
-0.470253
0.30847
-0.0550091
-0.294265
-0.0786816
-0.101386
0.128869
0.589571
-0.655546
0.31841
0.407066
0.448333
-0.477121
0.00672115
-0.345311
0.183531
-0.563772
0.20379
0.0437118
0.599023
-0.18735
0.273215
-0.585885
-0.385273
0.828157
-0.31466
0.169324
0.283235
0.0439999
-0.855888
0.375041
0.016783
0.933535
-0.590534
-0.477121
-0.19105
0.132837
0.776915
-0.0563684
0.214324
-1.54759
1.51923
-0.503352
-0.13116
-0.60473
0.408462
-0.230134
0.482249
-0.0830601
0.356968
-0.167763
-0.0729709
-0.253571
0.277309
-0.0986333
0.385265
-0.297017
-0.603706
-0.291245
1.09419
0.135701
-0.462343
-0.415981
0.200631
-0.183082
0.151158
-0.095919
-0.0901611
-0.0304466
0.24712
-0.141145
0.241721
-0.0103359
0.340344
-0.24957
0.131961
0.156905
-0.0563978
-0.622327
0.484572
-0.399128
0.210588
0.0695918
0.2232
-0.566077
0.469087
-0.441296
0.55741
-0.0135152
-0.649839
0.178128
0.0751443
-0.0108659
0.01788
-0.433266
0.516578
0.11057
-0.148142
-0.192525
0.148268
0.384056
-0.872952
0.49773
0.667158
-1.00008
0.102105
0.394293
0.755213
-0.128416
-1.04935
0.728516
-0.863493
1.21
-0.655655
-0.153853
0.141132
-0.204031
0.387277
0.779597
-1.49255
0.171885
0.324592
-0.0722978
0.174332
-0.588692
-0.0283502
0.186901
0.273027
0.484715
0.0592565
0.109241
-0.900149
0.133587
-0.494082
1.66076
-0.529807
-0.672536
-0.248617
1.24331
-0.534493
-0.667678
0.39777
-0.0259542
-0.19894
-0.132119
0.494733
-0.566702
0.216272
0.236263
0.255138
-0.119154
-0.570606
-0.0963825
0.125687
0.447158
-0.407603
-0.142208
0.294676
-0.152371
0.673016
-0.948444
0.906019
-0.158843
0.399516
-0.708905
0.367463
-0.165051
-0.114356
0.898815
-0.484768
0.0182121
-0.128297
-0.386794
-0.134178
0.419586
0.0440862
0.689075
-0.690287
-0.275815
-0.0175877
0.55902
-0.361073
-0.304656
-0.117595
0.593874
-0.448572
-0.115175
0.245406
-0.0176457
-0.290256
0.177671
0.57243
0.1937
-0.76754
-0.0976255
0.250014
-0.143995
-0.213104
0.743567
-0.103755
0.180467
-0.483581
-0.097395
0.778706
-0.587251
0.00847533
-0.828938
1.25323
-0.259142
0.0481537
-0.505464
0.726476
0.453891
-0.767562
-0.325942
0.849497
-0.433757
-0.0744648
-0.205207
0.14166
-0.41845
0.836964
-0.78712
0.182857
-0.284051
1.08422
-0.483126
0.271207
-0.527375
0.181276
-1.0753
0.981413
0.713726
-0.124323
-0.231535
-0.158949
-0.330291
0.43863
-0.240272
0.536503
0.296284
-1.64585
0.351479
0.224734
0.359114
-0.181088
0.020596
0.132716
-0.182143
0.212131
-0.488791
0.455709
-0.0916725
0.020732
-0.443465
0.455857
0.207425
-0.780317
-0.103722
0.0474343
0.148284
-0.217355
0.464767
0.824609
0.153902
-1.0648
0.351431
0.0866497
-0.102455
-0.145107
0.610589
-0.452564
-0.316733
0.655145
-0.356575
0.0618649
-0.0254126
0.267656
-0.810483
0.349515
0.280574
-0.0948663
-0.0285406
-0.0920334
0.133211
0.0992786
0.173343
-0.997782
0.670088
0.0138938
-0.712685
0.413809
0.16116
-0.528431
0.267533
0.502486
0.177653
-0.551219
0.221244
-0.184968
0.351153
0.230248
-0.895066
0.0329155
0.250619
-0.442122
0.620646
0.12925
-0.862932
0.571002
0.318556
0.16135
-0.502391
0.618172
-0.599144
-0.0897246
0.597326
-0.400371
-0.0921689
-0.261309
0.024502
0.364547
-0.298151
0.108715
-0.31979
0.914644
-0.687257
0.144233
0.815797
-0.938641
0.324774
-0.286507
-0.388167
1.00377
-1.09196
0.542682
0.162363
0.601332
-0.501316
-0.503408
0.724036
-0.446432
0.04034
-0.0586644
0.212031
0.583719
0.0606434
-0.654185
-0.441271
0.805197
0.228529
-0.774699
0.117883
0.352003
-0.830637
-0.0283068
-0.152632
0.608607
0.272815
-0.12464
-0.485911
0.39014
0.115989
-0.338557
0.420444
-0.934358
0.155198
0.350878
0.0700414
-0.383325
0.158269
0.0491311
0.608752
-0.633489
0.872611
-0.445316
-0.883426
0.852141
-0.0574386
-0.241897
-0.194462
0.328686
-0.348669
0.579083
-0.636776
0.265656
0.101437
0.366139
0.217465
-0.380004
0.0780399
-0.265243
0.203884
-0.119985
-0.433429
0.435276
-0.181134
0.66635
-0.843659
1.22677
0.0430663
-0.98464
0.260269
0.104649
-0.0973123
-0.375901
0.407245
-0.068623
-0.292985
0.275338
-0.515445
0.771796
-0.136672
-0.2374
0.458503
-0.0586128
-0.490485
0.592858
-0.366305
-0.751428
0.424156
0.433596
-0.641819
0.0222718
-0.0182037
0.403101
-0.526101
0.485589
-0.0964689
-0.000481176
0.357993
-0.0734777
-0.524911
0.631813
-0.497432
0.816191
-0.119975
-0.291249
-0.770208
0.113218
1.00909
-0.296339
0.00658033
-0.132335
0.434471
-0.636993
0.342286
-0.652421
-0.264135
0.307434
-0.205833
0.669524
-0.0332748
-0.614784
0.170312
0.586546
-0.0612515
0.199597
-0.15124
0.137718
-0.0335598
-0.0227648
-0.0770253
-0.114515
0.0714671
-0.184371
0.0835643
0.130225
-0.194984
-0.0325874
-0.389447
0.245039
-0.391415
0.247476
0.0317627
-0.162794
0.679562
-0.570797
0.00495688
-0.292852
0.760303
-0.330393
0.132363
-0.156646
0.182729
-0.101655
-0.0390849
-0.0589322
-0.093333
-0.0737802
0.999837
-0.590104
0.636404
-0.317018
-0.396017
-0.0818302
0.651981
-0.131562
-0.371875
-0.0895762
-0.51059
0.837824
-0.327401
-0.147124
0.623415
-0.571003
0.374346
-0.185994
-0.41321
0.464569
-0.85703
0.832013
-0.377079
0.240312
0.171401
-0.411438
0.863222
-0.110782
-0.125978
-0.155097
-0.206834
0.332227
-0.344894
-0.15431
0.508386
-0.299356
0.0140107
0.296246
-0.288676
-0.266504
0.298177
-0.453387
1.61539
-1.60798
1.58709
-1.28921
1.33206
-0.660655
0.603468
-1.12656
1.05163
-0.51425
-0.456295
0.192789
-0.889417
0.619355
0.475848
0.0526654
-0.83472
0.534768
-0.127271
0.224451
0.00771894
-0.205035
1.07463
-0.826277
0.312311
-0.742999
1.21805
-1.3947
1.334
-1.2851
0.684387
-0.482945
1.08096
-0.33826
-0.0250969
-0.512062
-0.54803
-0.242388
0.30306
-0.152804
0.900318
-0.646662
0.171278
-0.055291
0.329736
0.142054
0.769718
-0.952755
0.92057
-0.928323
0.916088
-1.02972
1.02672
-1.1183
0.931362
-1.03263
1.18781
-1.59878
0.247089
0.0226286
0.545833
0.119621
-0.17589
0.0817673
0.266904
-0.345437
-0.0282823
0.00228777
-0.0762403
-0.0113962
1.09769
-1.67442
1.49186
-1.71432
1.77489
-1.35238
1.35833
-0.770598
0.70925
-0.630982
-0.245637
-0.949922
0.523176
0.633986
-0.988948
0.1406
0.098175
0.699267
-0.231932
0.0449196
-0.216145
0.500439
-0.22395
0.453718
-0.736811
0.0241777
0.11427
0.0304748
0.144822
0.115255
0.0126044
-0.17449
-0.0242686
-0.31919
1.39972
-1.33573
-0.620313
0.338337
0.681417
0.000941074
0.00904315
0.0602652
0.115105
-0.403806
-0.611061
0.35934
-0.13633
0.474917
0.1025
-0.789432
0.160837
0.445528
-0.619996
0.681214
-0.125437
-0.380273
0.290688
-0.270213
1.17696
-0.647
-0.314082
-0.146791
0.213857
-0.437586
0.0842013
-0.0872341
0.408494
-0.0436039
0.254748
-0.0510126
-0.307143
0.0453285
0.18366
-0.254441
0.374884
-0.532095
0.233695
0.287436
-0.477722
0.319435
0.648538
-1.17566
0.400617
-0.366279
0.850165
-0.532987
0.508931
-1.08262
0.413258
0.257514
-0.16017
-0.353654
0.20008
0.365332
-0.224823
-0.0220131
0.351821
0.0359513
-0.314665
0.177277
-0.214825
0.193579
0.0932031
0.206697
-0.034328
-0.119256
0.0512186
0.541698
-0.968816
0.792036
-0.276611
0.214509
-0.174897
-0.390783
-0.39612
0.750946
-0.151807
0.00862605
0.587777
-0.0975227
0.121686
-0.39097
-0.352914
0.0641308
-0.0687819
0.175802
0.055071
-0.775519
0.90265
-0.402139
0.0717915
0.725222
-0.646616
-0.0709379
-0.144962
0.107713
0.266548
-0.52655
-0.125913
-0.163521
0.763927
0.0844332
-0.530489
0.638816
0.14603
-0.933796
0.211063
0.12916
0.0211456
0.0155155
0.206333
-0.495792
0.440948
-0.463791
1.26068
-0.424488
-0.883416
0.240426
0.16207
0.343601
-0.145863
-0.297371
0.507562
-0.306106
-0.647419
0.511271
0.33055
0.196295
-0.740541
0.0498785
-0.13125
0.744913
-0.0573077
0.0746037
-0.776155
0.583497
-0.588613
0.199753
0.0494031
0.168141
-0.140357
-0.0873607
0.140568
-0.1648
0.2156
-0.302161
0.997298
-0.192606
-0.996384
0.546763
-0.285406
0.441992
0.142403
-0.334341
0.0671826
-0.362875
0.0686408
0.190877
0.214038
-0.306149
0.599785
-1.19699
1.17124
0.18406
-1.07362
0.547732
-0.613441
-0.0595483
0.93181
-0.59659
-0.374648
0.76118
-0.466607
0.197916
0.411414
-0.373527
0.112194
-0.0536671
-0.122339
0.0304615
0.0369106
-0.146582
1.06155
-1.02088
0.900453
-0.824836
0.274974
0.0218176
0.0455945
-0.508675
0.0204259
-0.0849666
0.280619
-0.210614
-0.0371166
0.570261
-0.160539
-0.459267
0.383618
-0.207056
0.139385
0.0818346
0.0737184
0.212641
-0.766177
-0.22171
0.532918
0.385427
-0.464431
0.265517
0.20412
-0.362202
0.0881835
0.446415
-0.402204
-0.157619
-0.209806
0.378098
0.181127
-0.187147
0.00813259
-0.372867
0.602284
0.326462
-1.42999
0.97334
-0.33433
0.418533
-0.157801
0.176372
-0.767408
0.344719
0.795044
-0.386052
-0.136926
0.00660766
-0.0702632
0.299232
-0.313414
0.402448
-0.362275
0.204175
-0.457438
0.00106917
-0.135065
0.26803
0.606024
-0.248513
-0.906272
0.706849
0.161398
0.287377
0.0612442
-0.392685
-0.594256
0.866866
-0.145709
0.30103
-0.948257
-0.0103923
-0.0170822
0.7235
-0.369817
0.0101357
-0.376392
0.420046
0.0743325
-0.0203716
-0.562781
0.600657
0.055597
-0.325035
-0.596897
0.700402
0.526961
-0.19085
-0.400008
-0.0331562
-0.270137
0.451904
-0.270807
-0.01919
-0.159437
0.14292
-0.00809929
0.546256
-0.779141
0.67331
-0.338738
0.0283016
0.164197
0.881202
-0.207271
-1.04671
0.551652
-0.0437445
0.515874
-0.442256
0.0211221
-0.253071
0.191331
-0.267965
-0.404497
0.184591
0.026827
0.681128
-0.784429
0.647793
-0.177079
-0.674263
0.252135
0.452796
-0.0768209
0.0402699
-0.341891
0.104735
-0.235507
0.278972
0.26515
0.349132
-0.88875
0.0736063
0.290558
0.0883725
0.492742
-0.411363
-0.419597
-0.102337
0.301371
0.241054
-0.272817
0.133184
0.388148
-0.675621
0.0270329
-0.114331
0.0825856
0.353099
-0.340467
-0.0538251
0.212405
-0.0695152
0.219265
0.0639921
-0.256731
-0.190985
-0.372785
0.217465
0.145543
-0.425411
0.854697
-0.320248
-0.157539
0.0845347
0.344474
-0.167169
0.0969607
-0.555387
0.207361
0.44557
0.106526
-0.0365038
-0.338306
-0.303416
0.108975
0.107525
0.114433
-0.129557
0.235902
-0.102136
-0.143652
-0.118652
0.77946
-0.495285
-0.235627
0.555629
-0.0992469
0.455794
0.534982
-0.905835
-0.270676
-0.397269
0.248276
0.910288
0.319566
-0.514208
-0.670054
-0.195528
0.271516
-0.133029
0.122147
-0.252556
0.749305
-0.567762
0.170183
0.167023
0.248384
-0.159459
-1.03164
1.13139
-0.532186
-0.197912
0.177826
0.245537
-0.542407
0.932722
-0.74807
0.688093
-0.423943
0.245547
-0.223225
0.501137
-0.573934
0.700328
-0.484507
0.014899
1.03356
-1.26736
0.0711019
0.1074
-0.152137
0.100501
0.205668
-0.49442
0.186618
0.280938
0.0310199
-0.00249833
-0.739002
0.394921
-0.0981866
-0.0616878
-0.397836
0.185245
0.475768
0.472849
-0.0746709
-0.478511
0.0246721
0.150726
-0.18481
0.408543
-0.634484
0.127135
-0.0671454
0.0622294
-0.0708789
0.290898
-0.242059
-0.122208
0.0186979
0.265881
-0.082405
0.48683
-0.564758
0.591824
-0.439436
-0.177746
0.246769
-0.249786
0.0888541
0.00100724
0.447091
-0.390824
-0.0274304
0.366841
0.526657
-0.682352
-0.528133
0.642018
-0.19757
0.196811
-0.417067
-0.149575
0.14726
0.314511
0.230568
-0.355209
0.0283863
0.150731
-0.0765299
-0.441667
-0.0393973
0.4033
0.159044
0.0634358
-0.0748829
-0.1339
0.211159
-0.160189
0.280128
-0.0356467
-1.01789
1.3127
-0.552804
0.0715841
-0.519065
0.647786
-0.910518
0.267506
0.473583
0.0320089
-0.0550988
0.0405807
-0.231498
-0.142472
-0.455114
0.445785
0.397817
-0.19769
0.0857866
0.144136
0.0711075
-0.0883192
0.0640379
-0.0431669
-0.208276
-0.236849
-0.361994
0.576277
0.374438
0.0253709
0.213387
-0.775727
0.60152
-0.0773792
-0.144577
-0.35669
-0.398935
0.348337
0.216977
-0.392815
0.117925
0.148128
0.152791
-0.172306
0.365697
-0.126666
0.222711
0.350352
-0.82197
0.00631233
0.183248
-0.42172
-0.0913758
-0.327892
0.185676
0.871411
-0.742549
0.49914
-0.0747116
-0.142753
0.144361
-0.0126965
-0.00775086
0.284286
-0.136447
0.759368
-1.02139
-0.102828
0.33562
-0.548341
0.232102
0.435532
-0.345871
0.278461
0.080295
-0.41112
0.52485
0.0678698
0.842794
-0.962036
-0.196327
0.131542
-0.416413
0.64774
-0.441342
0.0689716
-0.692452
0.972782
-0.310919
0.0327805
-0.600299
0.595493
0.0376504
0.432574
-0.200011
0.0358428
-0.83203
1.49435
-0.725988
-0.0861482
-0.177024
-0.0168581
-0.154583
0.132257
-0.404737
-0.132272
0.238827
0.385038
0.597233
-0.600457
-0.598721
0.790581
-1.02199
0.97342
-0.357363
0.988794
-1.14191
0.256594
0.11405
-0.0247208
-0.680266
0.0623866
-0.0536787
0.576224
0.0920697
0.0312351
-0.653005
0.616598
0.132503
-0.159902
-0.201927
0.5691
-0.449561
-0.0874224
0.0480006
0.196468
-0.376292
0.231908
-0.175691
0.323914
0.0593023
0.304915
-0.246765
-0.276336
-0.225345
0.227356
-0.257153
0.170782
0.682758
-1.00264
0.0364845
0.411148
-0.129258
0.586168
-0.722145
0.784618
-0.469314
-0.41823
0.0338925
0.562194
-0.0413643
0.29933
-0.0182713
-0.00645802
-0.168366
-0.196624
-0.110347
-0.39489
0.0952925
0.499483
-0.710874
0.611084
0.118902
0.412847
0.595221
-1.53237
0.644232
0.511201
-0.980315
0.010052
-0.217981
0.0937206
-0.30564
0.176621
0.277824
-0.614715
0.782915
0.278986
-0.83429
-0.144511
0.195061
0.14797
0.52471
0.914436
-0.697947
-0.408864
0.740662
-0.670809
0.317042
-0.53748
0.762751
-0.488423
-0.816556
0.00760363
0.0576445
0.25564
0.227743
0.0929862
0.12199
-0.622947
0.691307
-0.110244
0.0432972
0.061477
-0.413948
0.531877
-0.485479
0.109928
0.177897
-0.354289
0.234641
-0.517435
0.528391
-0.166475
0.448553
-0.103336
-0.157631
-0.0129323
0.406549
-0.703704
0.19073
-0.0699063
0.499448
-0.415554
0.0790072
-0.0266563
-0.116929
0.0543993
-0.0838789
0.0102831
0.0607517
0.438199
0.0944644
-0.874874
1.03125
-0.956329
1.0746
-0.886903
-0.133613
0.237392
0.0846846
0.54345
-0.638766
0.477547
0.358839
0.156574
-1.32934
0.633174
-0.0866132
-0.073347
-0.219078
-0.0165905
0.128495
0.799964
-0.248076
-0.118254
0.131449
-0.566145
0.319138
0.0410767
0.909389
-0.961082
-0.30303
0.469362
-0.420849
0.907576
-1.1691
0.538511
-0.736537
0.434209
0.0784047
0.00802644
-0.345144
0.586457
0.181114
-0.313649
-0.479231
0.259469
-0.474922
0.832068
-0.923458
0.781278
-0.12027
-0.181137
0.362205
0.0741286
-0.499049
0.895451
-0.36295
-0.322853
0.355892
-0.348083
-0.405855
0.166904
0.325465
0.201635
0.0688053
0.109203
-0.0224597
-0.635673
-0.0109119
0.549774
-0.187485
-0.587537
0.500035
-0.0882439
0.0614056
-0.862838
1.66216
-1.11825
0.138493
0.17023
-0.0499867
0.180524
0.419293
-0.655729
0.0583397
0.341658
-0.503068
0.809092
-0.791593
0.294585
0.0227299
0.260227
0.11253
-0.630328
0.0674486
0.302875
-0.0717225
-0.14212
0.539775
-0.881562
0.162014
0.276992
-0.0244808
0.203926
-0.118876
-0.190998
-0.202308
0.179509
0.167863
-0.314507
0.0256048
-0.204735
0.0607789
0.144229
0.580714
-0.341522
0.0998254
-0.123144
-0.873229
0.479536
0.448741
-0.465834
0.0755129
0.457523
0.839475
-1.02324
-0.515738
0.6148
-0.931806
0.574426
0.214027
-0.310614
0.478935
-0.381486
0.18059
-0.337987
0.80525
-0.132777
0.0787577
-0.822764
0.328626
0.435988
-0.428046
-0.626475
0.621528
0.133632
0.0858101
0.198272
0.0182503
-0.997945
0.844424
-0.222006
0.0689402
-0.0253753
-0.0577749
-0.345547
0.614653
-0.661171
0.61564
-0.119308
-0.986022
1.14358
-0.230482
0.374725
-0.232629
0.149083
0.116088
0.142389
-0.534872
-0.107922
0.33687
-0.304168
0.858813
-0.803089
0.0945736
0.701387
-0.916515
0.336732
-0.257011
0.357658
-0.619225
0.483367
-0.302864
-0.0140475
0.192464
0.718735
-0.996228
0.456168
-0.367699
0.118673
-0.109284
0.825819
0.327053
-0.977268
0.248219
-0.129915
-0.21089
1.14731
-0.928932
0.0511221
-0.394474
0.92705
-0.43395
-0.11344
-0.0664169
0.367977
-0.594032
0.588238
-0.638188
0.231546
-0.643275
1.1766
-0.928512
0.781384
-0.595268
0.259246
0.163943
0.262794
-0.351772
-0.0145317
1.03613
-1.42221
-0.0444282
0.294983
-0.325234
0.56866
-0.131839
0.405902
-0.477971
0.188247
0.0752067
0.180786
-0.707848
0.660382
-0.368732
0.0743649
-0.355719
-0.0805014
0.752836
-0.232736
-0.0978863
0.390847
-0.569531
0.837919
-0.178458
-0.455066
-0.26284
0.00775139
0.333828
-0.558794
-0.161601
0.563119
-0.144909
-0.190103
0.104997
0.02555
-0.314063
0.909274
0.118383
-0.733137
0.40264
-0.489677
0.307834
0.139504
-0.824208
0.655106
0.22128
-0.333215
0.173049
-0.370602
0.520581
-0.300683
-0.0512297
0.339929
-0.20631
0.144117
-0.711659
0.744159
0.0916591
-0.350665
-0.206718
0.16977
0.2324
-0.362651
0.332906
-0.540382
0.475073
-0.164856
0.27629
-0.373918
0.126737
0.0892906
-0.261629
0.0975027
0.318635
0.206767
-0.349311
0.0852896
-0.161326
-0.105547
-0.0282117
0.752954
-0.98971
0.103082
0.468677
0.0301559
0.0216377
0.0556969
-0.429581
-0.197648
0.273399
0.0503883
0.156771
-0.352566
-0.364507
0.824776
0.945178
-0.388939
-0.645823
-0.0244808
-0.137684
-0.0417945
-0.11777
0.164368
-0.0581708
0.394978
0.15914
-0.27386
-0.214691
0.45151
-0.592172
0.0863467
0.123176
-0.220183
-0.105606
0.607838
-0.390032
0.0630569
0.505112
-0.739131
0.464084
-0.156271
-0.0619048
-0.036915
-0.30266
0.186753
0.209518
0.35899
-0.46653
0.340179
-0.270558
0.197121
0.246462
0.398227
-0.295259
-0.417258
0.210333
-0.0176747
-0.0738809
0.187002
-0.873673
0.599886
0.00119806
0.519294
0.076808
-0.235363
-0.511301
0.198725
0.58756
-0.812215
-0.107254
0.453287
-0.747475
0.449782
-0.23871
-0.122192
0.231189
0.260572
-0.532313
0.819385
-0.398291
-0.544502
-0.23656
1.34877
-0.741695
-0.211972
0.412445
-0.151837
0.252864
-0.574574
0.510592
-0.0302876
-0.578947
0.3294
0.338522
0.0251697
0.595549
-0.762357
-0.104528
0.38633
-0.922678
1.25288
-0.511391
0.134622
-0.267307
0.736438
-0.631835
-0.484711
0.0079417
0.537295
-0.617488
0.700143
0.908632
-1.75676
0.273829
0.212876
-0.0789416
-0.0182559
0.156858
-0.00780897
-0.204367
0.338951
0.606499
-1.01635
0.101639
0.155299
-0.342077
0.820754
-0.22299
0.0187403
0.242795
-0.62889
-0.172205
0.391835
0.153986
0.115682
-0.673017
-0.0580793
0.136719
-0.0121879
0.0657432
0.247684
0.823629
-0.63982
0.0884322
0.248268
-0.756788
0.461001
0.0355247
0.294214
-0.534298
0.0675693
0.0812898
-0.361163
0.445196
-0.278892
-0.221493
0.468898
0.00881669
0.0457971
-0.499622
0.246024
-0.17247
0.036845
0.439535
-0.5916
0.63899
0.0560134
-0.608359
-0.13313
0.237221
0.148714
-0.533202
0.0561637
0.478034
-0.28542
0.564099
-0.446549
0.0965291
-0.247278
0.312431
-0.471514
0.500741
-0.196796
0.594605
-0.689539
0.383284
-0.0738471
0.284903
-0.470564
-0.103995
-0.0870735
-0.036387
0.487612
-0.222109
-0.00811066
0.0369198
-0.291873
-0.0299987
0.100148
0.10754
-0.0618382
0.0105434
0.231247
0.165557
0.268237
0.0486919
0.0249968
0.61875
-1.10283
-0.209711
0.581111
-0.332634
-0.0453658
-0.257617
0.60206
-0.258355
-0.13847
-0.210355
0.546482
-0.0663239
-0.227382
-0.165794
0.384535
-1.25227
0.941376
-0.26611
0.6275
-0.127903
-0.290855
0.561604
0.414465
-0.662471
-0.333381
0.36659
-0.382789
-0.228195
0.393264
-0.0403451
-0.0915257
-0.248575
0.386596
-0.527452
0.075842
0.763007
-0.0896273
0.179879
-0.410841
0.615803
-0.275242
-0.888213
0.160098
0.30748
0.523979
-0.668636
0.373151
0.0704073
-0.341193
-0.112262
-0.259868
0.435484
0.192587
-0.489012
0.16708
-0.149012
0.289076
-0.233056
0.0401133
0.534406
-0.0521694
-0.444947
0.381204
-0.261388
0.246559
-0.158447
0.524845
-0.426461
-0.116818
-0.527479
0.290249
-0.100138
0.602268
0.489332
-0.572234
-0.378866
0.0438658
-0.312071
0.712477
-0.754522
0.304553
-0.0228774
0.39794
-0.360383
0.207736
-0.559088
0.0204176
0.212633
0.0477935
-0.119838
0.491815
-0.0381303
0.511749
-0.53194
-0.215187
0.171124
0.290962
-0.337043
-0.204302
-0.295467
0.407127
0.187941
-0.323021
-0.395865
0.61759
0.12255
0.344825
-0.713191
0.394746
-0.568538
0.932005
-0.379096
-0.48055
0.995866
-0.500843
-0.0292894
-0.334753
0.316012
0.166004
-0.20265
-0.150415
0.777145
-0.761587
-0.568836
-0.115008
0.882258
0.0260542
-0.213896
-0.478901
0.212284
0.305006
0.241919
0.317316
-0.1071
-0.101412
-0.661388
0.382313
0.355817
-0.357651
0.323571
-0.385124
0.278019
-0.113392
0.570996
-0.90106
0.224707
-0.366315
0.706875
-0.0472011
-0.158288
0.864474
-0.415323
0.253877
-1.09635
0.918689
-0.261249
0.33361
-0.585445
-0.79199
0.607354
-0.00498478
0.28741
-0.439369
0.328981
-0.652557
0.347356
0.517531
-0.412866
0.471871
-0.533419
0.7909
-0.910114
-0.0376702
0.385807
0.846538
-0.757467
0.0860139
0.121367
-0.145233
-0.0463275
-0.970964
1.06142
0.223204
-1.15907
0.855039
-0.10902
0.12933
-0.683638
0.980373
-0.635685
0.466117
0.0430785
0.127267
-0.280715
-0.359149
-0.0818484
0.287076
0.147446
-0.495476
0.497894
-0.162273
-0.345395
-0.124059
0.0309819
0.603989
-0.520839
0.441115
-0.640997
0.744134
-0.00808605
-0.26683
0.334198
0.0675216
-0.482268
0.596038
0.165386
-0.510113
-0.511233
0.227967
-0.223991
0.380884
-0.445694
-0.112052
0.0946601
0.0748022
-0.265462
0.757403
-0.139293
0.0706084
-0.554656
0.250081
0.0100284
0.276315
0.33374
-0.41948
-0.0218559
0.626293
-0.152642
-0.660338
-0.154168
-0.0192035
0.220955
-0.176636
0.363574
0.236904
-0.765736
0.299138
0.400781
-0.211688
-0.248129
-0.0141265
-0.130317
0.257999
0.0861153
-0.129297
0.0134937
-0.420907
0.0390213
0.405954
0.492011
-0.359666
-0.169769
0.199192
0.375116
0.288738
-0.501982
-0.0540396
-0.608193
0.214257
0.0878812
0.54082
-0.811093
0.0914157
0.502383
-0.109696
-0.130578
-0.520638
-0.137588
0.736869
-0.0288337
-0.112898
-0.013452
-0.0615181
0.243497
0.104093
-0.187998
0.691789
0.497573
-0.917198
-0.0711756
-0.495254
0.292152
0.554654
-0.535061
0.615884
-0.466359
0.291282
-0.113631
-0.116758
0.0663005
0.554983
-1.28772
0.428248
0.341492
-0.0178045
-0.222793
-0.325974
0.260086
0.00735311
0.744854
-1.09475
0.140037
0.0710712
-0.0134644
0.168722
-0.157324
1.05239
-1.34761
1.89168
-0.830107
0.540073
-0.957632
0.37551
-0.976033
0.628408
-0.107833
0.168122
-0.172188
0.329514
-0.313542
0.0228984
-0.593822
-0.123668
0.0719053
0.452319
0.0253661
0.00777412
-0.208995
1.2226
-1.0515
0.238894
-0.0922043
0.615793
-0.424317
-0.289025
-0.0920134
0.305822
-0.247239
0.875789
-0.29484
-0.140752
-0.137163
0.517675
0.0951092
-0.378335
-0.390481
-0.300647
0.985319
-1.09691
0.692115
-0.410013
0.799057
-1.02125
0.186991
0.15351
-0.201787
0.438359
-0.151293
-0.341103
0.238552
0.170405
-0.842163
0.827239
-0.44954
-0.00529927
0.411373
0.311337
-0.537975
0.342313
-0.938193
0.490661
-0.164682
0.0917993
1.2434
-0.678036
-0.0088454
-0.0716742
0.291485
-0.324702
-0.402387
0.0891515
0.766279
-0.840614
0.474033
-0.305206
0.204203
-0.343148
0.17241
0.120843
-0.363593
0.635669
-0.474339
-0.103338
-0.0499612
0.298943
-0.421391
0.289355
0.0114781
-0.461261
0.127308
-0.0388685
0.465416
0.243099
-0.478826
-0.0467347
0.169834
0.0532046
-0.0975479
-0.00958226
-0.148048
-0.540694
0.466926
0.608189
-0.24217
-0.125518
0.260301
-0.509201
-0.103938
0.456218
-0.0332688
0.115189
-0.380743
0.438089
-0.537999
0.384009
-0.575618
0.651744
-0.101954
-0.112939
-0.469266
0.497872
-0.0163721
0.639588
-0.248357
-0.265549
0.19587
-0.279315
-0.498836
0.631261
-0.124463
-0.0768835
-0.03684
-0.0323025
0.327598
-0.222932
0.306092
-0.00457497
-0.462017
0.0334552
-0.361717
0.408499
0.484745
-0.194906
-0.0747305
-0.0692503
-0.00357289
0.305737
-0.166779
0.263027
-0.584705
-0.125553
0.118358
0.551755
-0.225196
-0.375245
0.231174
-0.265262
0.339573
-0.100911
1.18448
-1.37578
0.254159
-0.411418
-0.147434
1.01507
-0.94674
1.81838
-1.01176
1.11188
-1.40093
0.386692
-0.724951
0.163946
0.231848
-0.150036
0.346539
-0.137189
0.0641682
-0.689232
0.513141
-0.28322
0.0477571
0.62614
-0.304196
0.191886
-0.580579
0.697148
0.133582
0.00512233
-0.83023
0.790849
-0.614486
0.321942
-0.594714
0.779985
-0.219215
0.219215
0.273067
-0.321233
0.110153
-0.132147
-0.141056
0.239421
-0.111999
-0.75404
0.331931
0.0326512
0.0695745
0.282564
-0.317597
0.511119
-0.212568
-0.0723459
-0.117716
0.18477
-0.030814
-0.152481
0.437366
-0.661231
0.23712
0.0264401
-0.502714
0.32924
-0.294188
0.603073
-0.607737
0.0128326
0.589045
-0.083164
0.636422
-1.1834
0.34693
0.088373
-0.0705811
0.660278
-0.957441
0.134436
-0.0140215
0.460366
-0.345686
0.259606
0.172683
-0.230013
-0.485224
0.367086
-0.189117
0.103101
0.390591
-0.132207
0.182784
-0.036532
-0.524606
0.116913
0.180256
-0.10729
1.14334
-0.120743
-0.133291
-0.0285132
-0.402851
-0.841224
0.21446
0.173858
0.449472
0.191759
-0.388261
0.230268
-0.406842
-0.0193576
0.23776
-0.0378218
-0.602334
0.719178
0.479041
-1.08373
0.497087
-0.371433
0.111946
0.294904
0.425563
-1.1445
-0.0720619
0.920972
-0.924175
0.847187
-0.338532
0.165814
-0.618148
0.617841
0.191271
-0.286455
0.161875
0.0339262
0.0301017
0.242415
-0.203757
-0.155311
0.160797
-0.442167
0.350814
0.2481
0.186782
-0.672616
-0.168843
0.079152
-0.348346
-0.293093
0.830527
-0.246817
0.320503
-0.0825411
-0.773791
0.153142
1.07905
-0.670096
0.765292
-0.336595
-0.681916
0.00237418
0.0362679
0.853744
0.138658
-0.971502
0.00367117
0.320747
0.432335
0.238882
0.127705
0.0169779
0.314214
0.11903
-1.60157
0.789561
-0.254602
0.209388
0.204446
0.246314
-0.420952
-0.0131875
-0.0122501
-0.285378
0.358778
0.339055
-0.397372
-0.898087
0.363543
0.254476
-0.323835
0.537607
-0.435859
0.220598
1.02793
-0.87188
-0.552024
0.712435
-0.287897
-0.162767
-0.199871
-0.421347
0.199251
0.254992
-0.517617
0.160624
0.365849
0.736814
-0.330607
-0.480073
-0.358742
0.404855
-0.224204
0.264105
-0.305915
0.671197
-0.776823
0.386839
0.460927
-0.850658
0.659503
0.466558
-0.19571
-0.975862
-0.0551299
-0.0296837
0.612459
-0.248497
0.606089
-0.289033
0.274739
0.523281
-0.589136
-0.277626
-0.635742
0.135274
0.777059
-0.141329
0.0175112
0.20293
-0.13434
0.369902
-0.82547
-0.0279756
0.306644
0.353749
-0.476057
-0.0571345
0.0289821
-0.169234
-0.105846
0.0927071
-0.227254
0.775658
-0.294348
0.244302
-0.546341
0.772147
-0.764438
-0.186813
0.0720355
0.394215
-0.222239
0.418812
-0.285804
-0.260742
-0.0495267
0.910083
-0.306008
-0.237758
0.65829
-0.470902
-0.352183
0.311254
0.693098
-0.468709
-0.636086
0.63046
0.129269
0.323728
-0.800535
-0.24427
-0.293952
0.77018
0.0253594
-0.10311
-0.26596
0.446891
-0.490605
-0.165278
1.58666
-0.840106
-0.244589
0.264275
-0.223858
0.61831
-0.965202
0.316354
0.402719
-0.473409
-0.237829
0.497598
-0.309054
0.0772995
-0.297926
0.594561
-0.134349
0.509084
-0.783474
-0.195829
0.114237
-0.182595
0.145478
0.176676
-0.216828
0.00896962
0.0930303
0.239831
0.13814
-0.0764921
-0.479214
0.244781
0.114695
-0.573622
-0.0645459
0.82801
0.00746045
-0.862655
0.640591
0.00410223
-0.00581797
-0.660547
1.88865
-1.83743
1.52745
-0.63573
0.875677
-1.33036
1.32729
-1.10778
0.0562229
-0.28442
0.0394077
-0.0445972
0.295351
-0.467755
-0.0465348
0.335638
0.16033
0.361517
-0.467306
0.0177288
1.15527
-0.945601
0.834749
-0.998805
1.03877
-1.07568
1.17194
-1.30719
1.21356
-0.898459
1.09891
-0.417536
-0.99808
0.910204
-0.945016
0.713112
-0.916454
0.733284
-0.345557
0.515177
-0.824723
0.636933
-0.374726
-0.188232
1.21115
-0.596137
0.699513
-0.362906
0.240691
-0.26916
0.340224
-0.681241
0.639849
-0.350718
0.454258
-0.656909
-0.344204
0.228565
-0.973997
0.991256
-0.306618
0.0734734
-0.0104518
-0.205757
-0.0303686
-0.384311
0.573647
0.102078
1.03981
-1.40905
1.32412
-1.15781
1.1092
-0.414973
0.588517
-1.63152
1.37879
-0.934894
1.03501
-1.33715
0.240241
-0.00341796
0.198917
0.151885
-0.745881
0.537605
-0.241601
-0.261235
-0.357237
0.669265
0.201576
-0.196212
1.09031
-1.18502
1.21194
-0.809403
0.692749
-1.50869
1.62788
-1.5179
1.18623
-1.21909
0.932502
-0.781098
0.404212
-0.479001
0.429535
0.13773
-0.541362
0.219443
0.025795
0.0375427
-0.193716
0.158887
0.400268
0.167917
0.0913175
-0.534565
0.922745
-0.835025
0.919601
-1.46494
1.38576
-0.39649
-0.287007
-0.663263
1.13369
-0.755213
0.536255
-0.736881
0.00854621
0.613723
-0.294558
-0.230986
0.271414
-0.490372
0.0681053
0.211965
-0.247401
0.592975
0.810186
-0.837089
0.855134
-1.00757
0.345381
-0.574871
0.706352
-0.721192
0.406798
-0.62956
0.920554
-0.471947
0.626534
0.103783
-0.765536
0.376751
0.0286823
-0.728087
0.286068
-0.22046
-0.0832931
0.424302
-0.499901
0.0414804
1.48003
-1.54978
1.52706
-1.25681
1.3628
-0.941099
0.459295
-1.12034
1.28551
-1.19269
1.46569
-1.52761
1.25461
-1.21182
0.275742
-0.263976
0.096722
-0.142082
0.394998
-0.652544
0.576459
-0.392459
1.12453
-0.613606
1.04432
-1.17668
-0.0404503
0.297838
0.851506
-1.43424
1.25068
-0.123703
0.248642
-0.762519
0.874493
-1.33514
0.0988826
0.134489
0.0911104
0.639044
-1.52959
0.103445
0.886586
-0.623713
0.0193955
0.524093
0.101641
-0.0763057
0.70205
-0.780207
0.961742
-1.04373
1.04845
-1.31859
1.38791
-1.6734
1.64381
-1.34595
1.00876
-0.52216
-0.239117
0.522533
-1.02561
0.340241
0.3878
-0.506279
-0.303679
0.215623
-0.150809
0.476246
-0.36575
0.277239
1.09569
-1.23976
0.660679
-0.516149
1.11272
-1.35108
1.25219
-0.669908
0.891757
-0.853292
0.874877
-1.10164
0.414448
-0.430352
0.079688
0.190788
-0.274467
0.22577
-0.381382
-0.334757
0.415812
-0.076502
-0.169695
0.932326
-0.597332
-0.1571
0.492748
-0.0726586
-0.0425787
-0.246206
-0.471039
0.176573
0.209486
-0.527243
0.36753
0.117166
-0.196984
0.285773
0.216665
-0.523063
0.352528
-0.0192422
0.143009
0.253349
-0.274315
0.0577296
-0.256237
-0.0615494
-0.0516009
-0.000383903
0.216551
0.0226978
-0.56229
0.810912
-0.461366
0.573895
-0.696721
0.414707
-0.0980269
0.0953723
-0.00132123
-0.0598021
0.126397
-0.244967
-0.28317
0.111181
0.843335
-1.3413
0.458699
0.581163
-0.251796
0.384041
-0.136327
0.24866
-0.579897
-0.335355
0.738441
0.107095
-0.122632
0.138881
-0.617234
0.29629
-0.976537
0.642011
0.338499
-0.282533
-0.200784
0.459142
0.0312924
0.147566
-0.851314
0.429252
0.189222
-0.771954
0.0444591
0.452346
0.1765
-0.509014
0.42027
0.296392
-0.258846
-0.403926
0.819845
-0.0319142
-0.573562
0.521824
-0.367642
0.609998
-0.242746
0.112892
-0.592346
-0.00628773
0.240371
-0.435285
0.0762633
0.292012
-0.102982
0.20457
-0.157962
0.33178
0.391014
-0.202023
0.604835
-0.776664
0.0373148
-0.325684
0.26481
-0.3997
0.192855
-0.100141
0.19177
0.208526
-0.819027
1.22158
-0.862429
0.940947
-1.09447
0.341997
-1.01856
0.827362
-0.153135
0.0672471
0.35175
0.256665
-0.117214
-0.07835
-0.637683
0.314809
-0.229929
0.294625
0.417169
-0.406983
0.15604
0.572287
-0.228567
-0.710362
-0.0758098
1.10469
-0.392432
-0.266429
-0.561248
0.371118
-0.105252
-0.299242
0.471581
0.242105
-0.508463
1.06649
-0.670776
-0.214424
0.271509
-0.151445
0.0387583
0.407123
0.56447
-0.86935
-0.524644
0.363042
-0.0976816
0.231034
-0.361055
0.153872
0.299831
-0.380496
-0.0159366
0.322412
-0.73884
0.0292723
0.442723
0.251266
0.283847
-1.08096
0.294685
0.939957
-1.01806
0.547333
-0.0612018
-1.02204
0.568376
0.0383474
1.14802
-0.485508
-0.27767
-0.366753
0.0775698
0.231244
