0.337837
-0.0761554
1.47839
-0.142578
0.07983
-0.0496351
-0.894759
0.787549
-0.418094
-0.318551
-0.271555
-0.165804
0.708344
-0.00736889
0.400689
-0.482072
0.100045
0.199096
-0.56221
-0.195354
-0.195503
0.655824
-0.624118
0.319867
0.144696
-0.0134837
0.261755
-0.235713
0.0303119
-0.197825
-0.4118
0.544926
0.203619
0.0831218
-0.90653
0.912386
0.260711
-0.268018
-0.552068
0.422684
-0.303176
0.650722
-0.176623
-0.0903759
-0.58724
0.367382
0.527851
-0.819943
0.184337
0.0934217
0.498009
-0.0522079
-1.31261
-0.226247
0.350251
0.31627
0.798813
-0.0623456
-0.337725
0.822102
-0.484891
0.040316
-0.12112
0.0392245
0.032436
-0.0716604
0.770128
-0.652933
0.199898
-0.779917
-0.116713
0.126062
0.00756629
-0.145036
-0.198979
0.407516
-0.302793
0.361745
-0.199977
-0.090711
0.676849
0.126583
-0.420414
-0.157597
0.463409
-0.0414847
-0.336358
0.538275
-0.582971
0.288955
0.147993
-0.208674
-0.210505
0.125803
0.0626193
-0.783248
0.710366
-0.260443
0.459084
-0.547983
-0.163541
0.122603
0.469981
0.178755
-0.0348709
-0.287999
0.0145918
0.543373
-0.00961573
-0.082733
-0.401723
0.738936
-0.0943394
-0.377529
0.296252
-0.997331
0.194999
-0.234196
0.665035
-0.327478
0.179334
-0.258991
0.106913
-0.827576
1.25666
0.0823453
0.182712
-0.451355
-0.443655
0.391677
-0.0120774
-0.191099
0.733339
-0.0750816
0.0127208
-0.675673
0.336279
0.129891
-0.0534862
0.446052
-1.03144
-0.362375
0.24399
0.120614
0.161808
-0.357888
0.433309
0.01313
-0.445434
1.33223
-1.15201
-0.111003
0.245355
0.548415
-0.640943
0.71988
-0.0819843
0.13085
-0.166965
0.169435
-0.0985582
0.136497
0.565776
-1.10855
-0.0206726
-0.0159525
-0.296977
0.031669
-0.212209
0.533412
-0.1283
0.100338
0.0813124
0.0783885
-0.246989
0.0760461
0.571817
-0.713626
0.52843
-0.262422
-0.0138909
0.069871
0.424106
-1.01183
0.646415
-0.0999768
0.106871
-0.182415
0.234981
0.0864971
-0.270682
-0.412449
0.748883
-0.284358
-0.351338
0.0944212
-0.553402
-0.279489
0.832691
0.175891
0.40642
-1.13209
0.0334057
0.788571
-0.0254472
-0.00211334
0.377689
0.10367
-0.306845
-0.189704
0.188132
-0.194531
-0.0730647
0.221472
0.125096
-0.552415
0.0296618
0.253281
0.199488
-0.555441
0.593375
-0.829757
1.01797
-0.257067
-0.983368
0.958711
-0.363115
0.425155
-0.227344
0.238326
0.294956
-0.139497
-0.0217193
-0.103816
0.174308
-0.379766
0.0561928
-0.00294721
0.130712
-0.427101
0.203781
0.278245
-0.133066
-0.314552
0.258637
-0.270189
-0.654824
1.24173
-0.579693
-0.0273037
0.406561
-0.0979971
-0.0906107
0.181055
-0.485945
0.514116
-0.0371699
-0.507957
1.2835
-0.441316
-0.734149
-0.281293
0.213097
-0.289559
0.37979
-0.175139
-0.0165424
0.0963106
0.0482114
-0.0843672
0.295713
0.106135
-0.43206
0.503942
0.401574
-0.165002
-0.338853
0.0374074
-0.15842
-0.105991
0.284397
0.0561309
-0.102714
-0.745064
0.271475
-0.376617
0.447059
-0.0571027
0.410097
-0.630779
0.344809
-0.270119
0.405704
-0.349685
0.571041
0.156252
-0.611937
0.686094
-0.214963
0.586205
-1.15448
0.489585
0.383128
-0.181483
-0.474103
-0.124986
0.250809
-0.502263
0.333227
-0.486167
0.68885
0.0656732
0.0211734
-0.257345
0.587005
-0.169142
-0.639637
0.362182
0.0392051
0.474339
-0.137849
-0.0779681
-0.249213
0.15535
0.367433
0.0801326
-0.237782
-0.404631
-0.120029
0.55194
-0.91754
0.410941
-0.739944
0.514384
-0.00647248
0.401488
0.0747348
-0.168981
0.00815724
-0.879729
0.545718
0.08603
0.553014
-0.216019
-0.0404432
0.0722268
-0.3274
0.183332
-0.0375997
0.158446
0.506349
-1.07083
0.0505071
0.632533
0.069503
-0.281095
0.832402
-0.842483
0.135558
-0.357406
0.544934
-0.339048
-0.160827
0.30524
-0.277304
-0.53196
0.334854
0.196734
0.41308
-0.270361
0.0171264
0.296751
-0.689609
0.438735
0.147205
-0.812591
0.579242
0.172432
0.442808
-1.00989
-0.156607
0.162271
0.652263
-0.0123966
0.306742
-0.241392
-0.0765519
-0.335563
0.0883522
0.279428
-0.272879
0.309171
-0.302273
0.314906
0.275637
-0.794446
0.366788
-0.223075
0.120851
0.0880076
0.370666
-0.251516
-0.0420613
-0.258508
-0.2964
0.68264
0.674458
-0.879977
-0.908899
0.928172
0.311371
-0.495179
0.362829
0.055793
-0.0952775
-0.0417128
-0.164666
0.284454
0.397037
-0.415897
0.178694
-0.142633
-0.348476
-0.111169
0.85322
-0.883864
0.445661
-0.498095
0.646264
-0.75724
0.860964
-0.882008
-0.014467
0.219888
0.272231
-0.266235
-0.0196051
0.215777
-0.968206
1.04307
-0.410867
0.451335
0.230626
-0.288065
0.128827
0.431208
-0.54667
0.382452
-0.166681
-0.367226
-0.045673
0.114502
0.206503
0.147085
-0.243357
-0.670947
0.813095
-0.186585
-0.947275
1.08692
-0.568345
0.840685
-0.905192
0.33957
-0.148548
0.853216
-0.737623
-0.277674
0.353073
0.0622165
0.565875
-0.707223
0.476626
-0.340732
0.711689
-1.11017
0.0782349
0.0702
0.334271
-0.357812
0.528996
-0.231381
-0.921534
0.740105
-0.0304973
0.0209367
0.204812
-0.165491
0.658037
-0.199209
0.209675
-0.461545
-0.1612
0.566522
-0.24949
0.150928
-0.220694
-0.661938
0.100107
0.335249
0.192736
0.235198
0.236002
-0.911491
0.604396
-1.55078
-0.0471071
1.07629
0.00628686
0.222053
-0.302221
0.326744
0.0172785
0.0351373
0.718941
-0.13285
-0.0760342
-0.541428
-0.367382
0.335305
0.428318
-0.146532
0.249131
-0.865898
0.330436
0.0688053
-0.0774122
-0.189517
0.0908382
-0.734621
0.245183
0.392257
0.496209
-0.27291
-0.0474246
-0.275555
0.532066
0.370334
-0.162555
-0.342164
0.0340798
0.576253
-0.766268
-0.201249
0.0013284
-0.108574
0.849412
-0.101283
-1.11964
-0.0579369
0.728414
-0.126409
0.136243
-0.528151
0.301387
0.088543
-0.144182
0.113707
0.0413518
0.20502
0.0240822
0.177236
0.412802
-1.34671
0.72086
0.373389
0.395049
-0.164268
-0.396811
-0.0923624
0.177694
-0.648368
0.524635
0.103561
-0.158891
-0.149306
-0.352613
-0.342462
0.837599
0.134006
-0.0891446
-0.0598535
0.1787
0.0739801
0.00624895
0.138795
-0.22293
-0.0208805
-0.00246407
0.247359
-0.586024
-0.0581679
0.336162
0.20252
-0.267862
-0.978569
0.839057
-0.242037
0.502675
-0.534328
0.391248
-0.524666
0.398528
-0.166955
0.125532
-0.281745
0.390169
-0.36244
0.90309
-0.740603
0.302718
0.428715
0.0841357
-1.04154
0.943369
-0.343448
0.262389
-0.215555
-0.321161
-0.940995
0.957339
-0.784391
0.895516
-0.541159
0.282965
0.705514
-0.598922
-0.169262
0.262467
-0.498806
0.51618
0.330835
-0.00783946
-0.135113
0.0343354
-0.205657
0.231025
-0.19754
0.767508
-0.566032
-0.193108
-0.161776
0.229286
0.159865
-0.139145
-0.119207
-0.083487
-0.059086
0.0669468
0.30702
-1.12679
0.636472
0.110726
-0.458261
0.236804
0.0169527
0.503025
0.342423
-0.413087
-0.188973
-0.262351
0.589863
-0.0700932
-0.0674997
0.158912
-0.879139
0.671449
0.0716281
0.0615723
0.16783
-0.356581
-0.0117583
-0.39503
0.348006
0.147758
0.107905
0.0809431
-0.374882
-0.0539895
0.62557
-0.096243
-0.139595
-0.728408
0.373723
0.265194
-0.636135
0.164297
0.376506
0.375347
-0.687821
0.62721
-0.539694
0.0516866
-0.140842
0.832795
-1.29521
0.273231
1.12875
-0.703573
0.202784
-0.342269
0.195019
-0.437034
-0.0398201
0.392039
0.00131906
0.0134156
0.0159583
0.0391721
-0.0715082
0.319799
-0.126307
-0.142381
-0.0357544
0.508836
-0.792179
-0.0323869
-0.131379
0.165361
0.0427091
0.484035
-0.103667
-0.22513
-0.734154
1.12722
-0.67329
0.458142
-0.00670092
0.189813
-0.30963
0.153507
0.149102
-0.1414
0.0534443
0.169931
-0.342909
0.282344
-0.522746
1.23386
-1.1355
0.731444
-1.047
0.162155
-0.324474
0.952995
-1.42255
0.882024
0.339034
-0.290805
0.17802
-0.293718
0.183247
0.193293
0.561066
-0.964065
0.189119
0.119963
0.0852305
0.267925
0.149809
-0.360356
0.0742045
0.209981
-0.0908252
-0.765326
0.12586
0.0190337
0.0419805
-0.930939
1.66638
-0.69875
-0.59658
0.20861
0.408698
0.642162
0.111319
-0.197364
0.156209
-0.327009
-0.0527064
0.330285
-0.418471
-0.160417
-0.0867682
0.0308814
0.0960492
-0.211656
-0.0100699
0.394909
-0.129944
0.00856626
0.0620148
-0.116576
-0.14082
0.0363465
-0.307461
-0.312232
0.346148
0.795624
-0.550183
0.238118
0.169717
-0.473269
0.73004
-0.677022
0.0412398
-0.0464539
0.186472
0.450422
-0.0486494
-0.44859
-0.298041
0.414134
0.00864686
0.378152
-0.625591
0.103472
-0.786897
1.10419
-0.712829
0.514441
-0.241483
0.54893
-0.299506
0.142858
-0.274237
0.229913
0.118758
0.0313141
-0.238179
0.0739745
0.476195
-0.453846
0.0308355
0.828649
-0.95385
-0.0852899
0.0466188
-0.711713
0.128746
-0.0191828
0.0689416
0.244751
0.411842
-0.55391
0.0872539
0.361989
-0.0745941
0.830807
-0.716579
0.512192
-0.0504095
-0.290797
-0.801953
0.57986
-0.0420894
0.651888
-0.583835
0.150493
-0.294121
-0.208899
-0.229496
0.605525
-0.101713
0.546504
-0.85825
-0.154222
0.729479
0.0997413
-0.130694
0.313945
-0.00453576
-0.613196
-0.274538
0.579433
-0.189382
0.318221
-0.560798
0.590122
-0.128318
0.430948
-0.688919
1.06881
-0.0992099
-0.0625555
-1.11759
1.1989
-0.288065
-0.887387
-0.100773
0.102054
-0.431625
0.268043
-0.39215
1.38777
-0.256723
0.221849
-0.600718
0.21584
-0.47546
0.65488
-0.370357
0.596401
-0.529158
0.344255
0.210968
-0.422598
-0.575008
0.10509
0.536207
-0.0154891
-0.20293
-0.213747
-0.14817
0.972403
-0.9755
-0.0632324
-0.108551
0.550933
0.20692
-0.795218
0.0656248
1.08928
-1.16246
0.755833
-0.0964351
0.30389
-0.514671
0.464156
-0.243767
0.110604
-0.345092
0.37829
0.442047
-1.00706
0.585083
-1.20359
0.301474
0.354519
-0.330993
0.0347074
0.267355
0.508469
0.197508
-0.590697
0.259259
0.0126414
0.115872
-0.42417
-0.111964
0.181962
0.0780711
-0.144678
0.527367
-0.273409
-0.687326
1.14337
-0.75051
0.044381
-0.0961764
0.302869
-0.046126
0.334083
-0.561007
-0.335868
0.663448
0.287451
-0.0850828
-0.242276
0.0573932
0.0917192
0.0248868
-1.16115
0.882309
0.141421
0.272535
-0.179959
0.0736721
0.0502411
0.200313
-0.114526
-0.41905
-0.171203
-0.348654
0.694682
-0.091951
0.201366
-0.38077
0.341155
-0.123684
0.0335075
0.352862
-0.549567
0.466327
-0.37972
0.0286611
0.0850716
-0.267122
-0.0440525
0.279088
0.288913
-0.617641
0.41985
-0.305708
0.378972
0.0532455
-0.339488
-0.672513
0.670278
-0.36073
0.626313
-0.208862
0.204193
-0.42517
-0.137727
0.165887
0.118623
0.134838
-0.476286
-0.122844
0.0305561
0.796444
0.337794
-0.471458
0.232163
-0.436347
1.06297
-0.674323
-0.353238
-0.105813
-0.146561
0.160838
1.07296
-0.19904
-0.85502
0.0547344
-0.130883
0.568701
-0.212131
0.307887
-0.0966796
-0.872039
0.51771
0.13917
0.210573
-0.031663
-0.0645165
-0.413734
0.0346211
0.600231
-0.405896
0.0195441
0.0739158
0.526647
0.248551
-0.847111
0.689043
-0.519924
-0.0443471
-0.281527
0.134253
0.278277
0.188481
-0.371157
0.251134
-0.3005
0.612254
-0.0791812
-0.483706
0.101239
0.303286
-0.107634
-0.94792
0.520629
0.471873
-0.485304
0.240592
-0.600945
0.614518
-0.51965
0.729165
-1.02764
0.663224
-0.182126
0.258102
-0.0156802
0.41522
-0.292942
-0.614731
0.271715
0.0255653
0.188449
-0.068331
0.238399
-0.0648909
-0.186274
-0.00500348
0.0287922
0.288973
-0.580599
0.0919142
-0.100253
0.226312
-0.234233
0.525503
-0.745989
0.0181686
0.475973
0.00743246
-0.353458
0.77265
-0.335085
0.157684
-0.0555871
-0.0030584
0.185332
-0.181506
-0.338562
-0.167787
0.449512
-0.627436
0.689688
-0.397005
-0.0931499
0.196582
0.138204
-0.376064
-0.669807
0.838634
-0.0565966
-0.0399079
0.0461783
-0.2589
-0.0451274
0.518618
0.362913
-0.0401507
-0.16169
-0.0336618
0.250539
-0.42817
-0.35602
0.14764
0.329675
0.375591
0.144202
-0.583911
-0.111199
-0.0647253
-0.117016
0.298993
-0.70241
0.814833
-0.606479
0.403595
-0.413257
0.114708
-0.0941637
-0.0279661
0.82297
0.0602294
-0.382101
0.0255541
-0.806345
0.903913
-0.255931
0.00923675
0.610735
-0.390253
-0.163928
-0.222699
0.24272
0.155857
-0.542882
0.554516
-0.380702
-0.188013
0.323902
0.268366
-0.5395
0.252169
0.438887
-0.584045
0.218878
0.596597
-0.717606
0.325045
-0.172468
0.0510957
-0.475926
0.469831
-0.402256
-0.0603329
0.453604
0.0202269
-0.425127
-0.173034
-0.0375055
0.0426281
0.209518
-0.00574108
-0.0244362
0.424175
-0.113658
-0.173635
-0.0763442
-0.0369461
0.441128
0.0070428
-0.0528585
0.170367
-0.193323
-0.319751
-0.0393326
0.416367
0.25076
-0.188045
-0.244066
0.97922
-1.33917
-0.284752
0.894045
-0.589617
0.477975
-0.797702
0.630765
0.0626047
0.230126
0.119944
-0.399922
-0.209524
0.997125
-0.834579
0.417238
0.0509418
-0.36444
0.0507942
0.28343
-0.47918
0.050676
0.0400428
0.0489433
0.528173
-1.15059
0.588187
-0.119291
0.142336
-0.359096
-0.162954
0.344252
0.184956
-0.379174
0.426136
-0.122587
-0.511857
0.523121
0.50904
-0.575295
0.755311
-0.298488
-0.681631
-0.142703
0.563805
-0.430378
0.507233
0.333386
-0.334498
-1.31305
0.153719
0.531664
0.300768
-0.423443
0.513218
-0.501009
-0.173683
0.53388
0.253277
-0.691572
0.869962
0.247301
-0.685662
0.715545
-0.701816
-0.271691
0.772372
-0.218391
-0.0314401
0.0575709
0.522718
-0.0708214
-1.30952
0.825201
0.296148
-0.574031
0.0887485
-0.249914
0.280413
-0.149917
0.00286084
0.160905
0.0798213
-0.034348
-0.57268
0.767455
-0.0352324
0.233278
-0.595207
-0.0843864
-0.044103
-0.0290118
0.725503
-0.00164506
-0.538995
-0.156513
1.27595
-0.071829
-0.84924
0.413776
-0.18284
-0.0742643
0.541923
-1.74203
1.42991
-0.10271
-0.565644
-0.363902
0.639087
-0.0438345
-0.0574079
-0.0951529
0.388076
0.488161
-0.711842
-0.117593
0.466021
0.102102
-0.842465
0.508836
-0.331352
0.481537
-0.291738
0.120108
0.13226
0.20204
-0.609601
-0.223748
-0.899028
0.725243
0.261521
0.379615
0.156493
0.0577481
-0.123147
-0.0139718
0.321414
-0.247136
0.213675
-0.615201
0.766699
-1.30194
0.686716
-0.316259
0.21463
0.181633
-0.085661
-0.443598
0.431892
-0.13075
0.510536
-0.689094
0.398387
-0.2178
-0.333247
0.396369
0.0350889
0.0938752
0.185332
0.203904
-0.394827
0.0756546
0.0761342
-0.219479
0.45314
-0.531231
0.326058
-0.0768969
0.781689
-1.1168
0.586266
-0.440829
0.15336
-0.16681
-0.0828903
0.394534
-0.0536586
-0.210199
0.0263482
-0.101144
0.485234
-0.647183
0.662508
0.327256
-0.358149
0.122905
-0.528724
0.223655
-0.0515991
0.118295
-0.331852
-0.104111
1.14441
-1.666
0.809919
-0.135143
0.222665
-0.168368
-0.245111
0.574031
-0.413037
-0.0755038
0.02239
0.0565515
-0.0305381
0.00134249
0.419297
0.113097
-1.10784
0.1219
0.980477
-0.106219
-0.131094
-0.0209647
-0.862981
0.256946
1.09071
0.197166
-1.03723
0.164252
-0.116335
0.850791
-0.596796
-0.0699627
-0.0411877
-0.180736
0.302611
-0.139617
0.557222
-0.700388
-0.333627
-0.268845
0.475533
0.170057
0.261941
-0.202271
-0.396203
0.619949
-0.0152399
-0.00480422
-0.161681
-0.232902
-0.00153802
0.0960473
0.261251
0.173261
-0.441871
0.35644
0.0789674
-0.00446747
0.387898
-0.420898
0.068027
-0.273322
0.264466
-0.292861
-0.301717
0.689134
-0.673771
-0.163105
0.821232
-0.314173
0.0587211
-0.480699
0.231103
-0.0435018
-0.225402
-0.729222
0.747285
0.75751
-0.435404
0.209515
-0.179935
-0.735817
0.571359
0.0939723
0.07691
0.466887
-0.42192
0.601343
-0.356146
0.0050795
-0.176942
0.00127673
0.0240971
0.0293523
0.160237
-0.14001
0.80096
-0.736865
-0.456955
-0.0499473
0.44534
-0.382112
0.762628
-0.845795
0.315897
-0.0438085
0.453058
0.186376
-0.512538
0.416196
-0.03703
-0.556708
0.578106
-0.404039
0.373345
-0.365488
0.386422
-0.41332
0.485481
-0.73678
0.402842
-0.182692
0.283286
-0.642982
0.804165
-1.53365
0.911679
0.976573
-0.835992
-0.160109
-0.443981
0.443981
0.463624
-0.63264
0.304695
-0.0651266
0.0867344
0.0260872
0.304404
0.119702
-0.142429
0.081473
-0.0299632
-0.533603
-0.254618
0.347137
0.447566
-0.383667
0.0140605
-0.299634
0.981852
-0.674127
0.0896034
-0.437384
0.35314
0.226548
-0.332283
0.162087
0.341768
-0.220227
0.286126
-0.419378
0.681401
-1.02255
0.466889
-0.104507
0.0218802
-0.296385
0.189643
0.124251
-0.250307
-0.276267
-0.375599
0.45886
0.295291
-0.147476
-0.645777
0.940817
0.824978
-1.0307
0.345397
-1.25196
1.11366
-0.145012
0.151021
0.156301
-0.117877
-0.0872426
0.347528
-0.360236
0.579622
-0.194617
0.497185
-0.852947
-0.399234
-0.291975
0.663586
-0.271458
0.587757
-0.0205088
-0.29579
0.0359126
0.14754
-0.297302
0.326735
0.331182
-0.0301524
-0.190844
0.0722405
-0.185067
0.132908
-0.786851
1.14511
-0.596416
0.0115121
-0.277888
-0.0905435
-0.0497124
-0.467223
0.435603
0.29859
-0.19274
-0.288232
0.906942
-0.411116
-0.512211
-0.140958
0.17373
0.166186
0.677118
-0.0655374
-0.199572
0.166234
0.00358035
-0.239739
0.285976
-0.489474
0.0735176
0.752816
-0.163161
-0.426565
-0.174001
0.278006
-0.723472
0.0536142
0.706564
-0.20265
0.0601558
-0.778151
0.364996
-0.535314
0.221999
0.91589
-0.977252
0.420491
0.372263
0.146939
-0.596021
0.138703
-0.00481823
0.602496
-0.464438
-0.0703116
0.10358
0.192389
0.199614
-0.395222
-0.144613
-0.315834
0.0719754
0.0634207
0.279422
-0.101506
-0.564542
1.39305
-1.25399
0.575837
-0.0167971
0.140445
-0.684913
0.933028
-0.230136
0.129439
-0.411713
0.604404
-0.903207
1.42797
-0.863581
0.954243
-0.748742
0.0663709
-0.499626
0.692139
-0.607362
0.473417
-1.00276
1.47712
-1.34029
0.879986
-0.496067
0.0913237
0.479377
-0.975456
0.765299
-0.124067
-0.279277
-0.487552
0.393127
-0.330579
0.866199
-0.484412
0.213699
-0.20182
0.038838
0.105398
-0.249721
0.715561
-0.245418
-0.0369472
-0.994627
0.559025
-0.0939822
0.235419
-0.365001
0.381935
0.175229
0.343544
-0.149643
-0.263058
0.117411
-0.199217
0.167652
-0.293351
0.766905
-0.698437
-0.182272
0.428254
0.225309
-0.0915071
-0.9882
0.667782
-0.221543
-0.297897
0.6986
-0.475269
0.0716377
0.305983
-0.601321
0.359075
-0.220368
0.407584
0.234827
0.102104
-0.687957
0.467806
-0.686806
0.797655
-0.703232
1.11569
-0.501498
-0.241694
0.482279
-0.213361
-0.57365
0.77549
-0.223211
-0.24239
-0.407891
0.638652
-0.236431
-0.0657012
-0.112434
0.624372
0.116671
-0.381146
-0.0609008
-0.0686828
0.722403
-0.347929
-0.0220027
-0.52914
0.324532
-0.168998
0.268453
0.826126
-0.71574
-0.0526123
-0.627393
-0.159891
0.316426
0.212038
-0.14295
0.0556539
0.459361
0.245694
-0.525403
0.103113
0.312258
-0.431364
-0.179651
0.392905
0.0317998
-0.59253
-0.253145
0.276473
0.20238
-0.197083
0.00629421
0.483508
0.125507
-0.536532
0.185783
-0.299337
0.351716
-0.0923873
-0.0549375
0.728177
-0.94823
0.0277016
0.0551607
-0.282624
0.406706
0.478177
0.0769679
-0.53381
-0.12866
0.947705
-0.247705
-1.11734
0.87652
-1.23503
0.660639
-0.461422
0.751078
0.614541
-0.547132
-0.292688
0.0793278
-0.0210218
0.0258842
0.0158436
0.335562
-0.871452
0.727111
0.313009
-0.150834
-0.0411562
0.0729809
0.0416726
-0.0608317
0.0197192
0.103972
-0.408629
-0.0380201
-0.0860843
0.401083
-0.141066
-0.969222
0.309099
0.249379
0.251833
-0.507728
1.13474
-0.500661
-0.312338
-0.47672
-0.133758
0.478386
0.12816
0.0991708
0.276301
-0.0135231
0.509637
-0.215985
0.0523091
-0.245513
0.270541
-0.670254
0.336448
0.299327
0.62924
-1.17513
0.543343
-0.560414
-0.00485505
-0.292439
0.13092
0.501237
0.0562719
-0.307561
0.180909
-0.32169
0.287191
0.203804
-1.06283
0.0642876
0.760952
0.459232
0.244882
-0.303793
-0.531155
0
0.146074
-0.234965
0.547495
-0.841308
0.548909
0.0359194
-0.0367112
-0.329355
0.43445
-0.769244
0.436641
0.714227
-0.631942
0.0603441
0.604343
-0.220801
-0.499358
0.902841
-0.580622
-0.649944
0.356835
0.817736
-0.372704
-0.119899
0.54661
-0.259439
-0.196691
-0.227911
0.448144
0.0069674
-0.0205757
-1.10299
0.404462
0.432954
-0.237202
-0.231562
-0.000617042
0.0873557
0.162362
-0.390796
0.740883
-0.251255
0.0989787
-0.493881
0.210784
0.448661
-0.107078
-0.515166
0.41918
0.82145
-0.894691
-0.171153
-0.216946
-0.185247
0.53167
-0.176767
0.466984
-0.457708
0.415525
-0.42046
-0.0714798
0.209612
-0.373826
0.801421
0.411179
-0.154902
0.0222764
-0.561143
0.0159881
-0.0805363
-0.0388021
-0.0581981
-0.00215889
-0.069503
1.02518
-1.92482
0.488324
0.407051
0.118724
-0.44562
0.182415
-0.0881361
-0.105267
0.290042
-0.103746
-0.214437
0.545308
0.676236
-1.10483
1.06344
-0.789196
0.105903
0.161204
-0.220779
0.201629
-0.505505
0.626488
-0.579942
0.390312
0.0102999
-0.731013
0.519206
-0.0459403
-0.661301
0.39094
0.263021
-0.323744
0.524374
0.474987
-0.613406
0.233195
-0.0425523
0.168201
0.199454
-0.118421
-0.0281893
-0.808132
0.414873
-0.213591
0.288123
-0.218056
-0.0831669
0.974749
-0.211552
0.017078
-0.576347
-1.02134
0.688683
1.07363
-0.655469
-0.459127
-0.171331
0.632714
-0.0263289
0.987411
-1.28038
0.143713
-0.154952
0.603118
-0.106547
-0.0510297
0.248352
-0.0720148
0.032128
0.110621
-0.230569
0.0197161
-0.29018
0.453538
-0.319016
0.19316
0.0479007
-0.0492728
-0.0683147
-0.0595257
0.0230561
-0.585468
0.977793
-0.610282
-0.0792898
0.147596
-0.0754156
0.28007
-0.457121
0.64341
0.319228
-0.41857
-0.952914
0.991925
-0.185779
0.762471
-0.735576
-0.0415471
-0.120543
0.312085
-0.182706
0.110647
-0.0582459
-0.142217
0.0245976
-0.747413
0.128511
-0.0392533
0.219933
0.285177
-0.610788
0.532242
-0.125138
0.53124
-0.656577
0.242592
0.111943
0.603748
-0.424953
-0.0430538
-0.0609181
-0.211315
-0.00683556
0.469677
-0.54651
0.427867
-0.0165313
0.223596
-0.377503
0.063959
0.15472
-0.329817
0.364579
-0.365431
0.539553
-0.118006
-0.0254472
0.024699
0.0415422
-0.0185177
-0.406834
0.182313
-0.242232
-0.236297
-0.00280193
0.324459
-0.134895
0.472109
-0.603482
-0.0197677
0.13697
-0.144032
0.30877
-0.0792378
0.00914941
0.347012
-0.240461
0.0246932
0.124028
0.217536
-0.430982
0.171345
-0.0700379
0.201956
-0.535672
0.0385514
0.202859
0.717891
-1.11706
-0.264347
0.536556
0.406758
-0.380263
-0.294015
0.0931284
0.34006
0.148907
-0.078931
-0.338001
0.460029
0.113667
-0.659625
0.171868
0.163662
0.108464
-0.00993452
0.0468501
0.231306
-0.305464
0.211154
-0.151498
0.819636
-1.09411
0.30103
0.305948
0.44934
-0.625101
0.481766
-0.251251
0.129829
-0.0898928
-0.706773
-0.668074
0.933617
-0.491002
0.27943
-0.369966
0.560667
0.0465602
0.208967
-0.264768
0.236644
0.0749025
-0.785609
0.830421
-0.225983
0.21572
-0.638521
0.359234
-0.335046
0.114459
-0.332798
0.166241
0.314966
0.00371013
-0.13819
0.448848
-0.0380706
-0.206054
-0.26403
0.356738
0.341706
-0.440643
0.264989
-0.68328
0.40287
-0.0331346
-0.0584171
-0.33722
0.345478
-0.374265
0.0448158
0.281424
0.528571
-0.231593
-1.23992
0.0485005
1.02898
-0.197596
-0.140644
0.116669
-0.132713
0.272337
-0.067275
-0.291412
0.177267
0.128823
0.462771
-0.735773
0.00381679
0.0808273
0.0640975
-0.113316
0.585873
-0.0513206
0.0213574
-0.379033
0.0744861
-0.247022
-0.00688595
0.129057
0.226161
0.211075
-0.307808
0.502257
-0.3469
-0.426159
0.300082
0.225779
-0.46833
-0.0786394
0.502232
0.197281
-0.329059
0.0302965
-0.230047
0.216615
0.900015
-0.465287
-0.661922
0.0604627
0.194967
0.243391
-0.0185521
-0.254834
-0.214051
0.0847427
-0.444284
0.789914
-0.6603
0.372849
0.427837
-0.78851
0.383244
-0.0146709
-0.0641175
-0.285187
0.175497
0.512074
-0.0694214
-0.665264
0.120793
0.0797451
0.822943
-0.0778388
0.0220641
-0.585846
-0.534149
0.367834
0.63724
-0.576629
0.0835199
-0.0293348
0.285655
-0.115876
0.192797
-0.705532
-0.120587
-0.241128
0.959943
-0.772639
0.679028
-0.154429
0.158707
0.0180474
0.00652336
-0.443495
0.180208
0.116294
0.115315
-0.163373
0.505796
0.241232
0.0146611
-0.511166
0.0757481
-0.0599538
0.0451622
0.0875911
-0.442629
-0.0694413
0.392011
-0.201505
0.38502
-0.625516
-0.553931
0.0313187
0.718432
-0.209996
0.894591
-0.301871
-0.220503
-0.178612
0.432269
-0.478027
0.51294
-0.30103
0.526497
-0.492266
0.222913
-0.497648
0.252963
-0.398041
0.458714
-0.244613
-0.0140055
-0.375647
0.220008
0.0737945
-0.115411
0.381271
-0.454338
0.415042
0.873276
-1.56621
-0.0443675
0.0141504
0.402661
0.486852
-0.376423
0.0737556
0.331834
-0.209177
-0.389184
-0.48158
0.192203
0.280967
0.298435
0.279824
-1.35972
1.34423
0.302936
-0.551464
0.155823
0.139521
-0.125997
-0.407761
0.66082
-0.0816971
0.118197
-0.517077
0.217593
-0.325624
-0.0523437
-0.270804
0.61644
0.0573077
-0.216123
-0.272691
0.244683
0.0178197
0.803912
-0.77677
-0.202257
-0.0595356
0.504054
-0.367286
-0.267207
0.688448
-0.389515
0.355332
-0.199672
-0.181907
0.348132
-0.498441
-0.0387163
0.499076
-0.365211
-0.601771
0.677359
0.145798
0.0759591
-0.249218
0.255686
-0.120023
0.112639
0.0239899
0.42436
-0.325996
-0.216601
-0.117696
-0.459833
0.784532
-0.283474
-0.309291
0.313949
0.298229
0.177645
-0.296807
0.824381
-1.18993
-0.150777
0.00288183
0.0121684
0.624172
-0.76146
0.853083
-0.267714
-0.00908254
-0.904263
1.02071
-0.360122
0.240423
-0.0657286
0.167635
-0.115479
-0.40302
0.367563
0.180094
0.826843
-1.45588
0.0906426
-0.521687
0.634932
0.608703
-0.244827
-0.71505
1.28765
0.0549514
-0.355981
-0.446395
-0.0630173
0.281905
-0.440863
-0.176855
0.0792575
1.01664
-0.916934
0.585307
-0.472418
0.0325486
0.771496
-0.395397
-0.211001
0.369287
-0.463757
0.116603
-0.0800748
0.101656
-0.00603194
-0.651641
0.412594
-0.283533
1.03212
-0.896119
0.145812
0.307717
-0.429882
0.121674
-0.89933
1.15761
-0.102569
0.0654852
-0.21101
0.524894
-0.735283
-0.0150637
-0.303639
0.823141
-0.279222
0.333415
-0.0819741
0.287329
-0.118827
-0.645314
0.210042
-0.704309
1.05026
0.0228629
-0.253966
-0.0147886
0.0780448
-0.0808803
-0.427027
0.598434
0.0487709
-0.453737
0.351541
-0.178557
0.575057
-0.616449
-0.0375609
-0.314594
0.408554
0.326053
0.360651
-1.03649
0.164558
0.786161
0.0997393
-0.727265
0.0690351
0.281224
-0.426861
0.422121
-0.560667
0.472928
0.00241408
-0.051529
-0.179802
0.685813
-0.420244
-0.311127
-0.099716
0.408232
0.693279
-0.319888
-0.651432
-0.122392
0.532018
-0.279347
-0.0709515
-0.271067
0.434138
-0.0385514
-0.0546781
0.111952
0.213011
-0.0235633
-0.995389
0.195238
0.529374
0.0385464
-0.277657
0.248735
0.224969
-0.747969
0.597583
0.286821
-0.381994
-0.625948
0.276308
-0.0919021
-0.243358
0.444577
-0.70423
0.714127
-0.163239
-0.434649
0.972359
0.12458
-1.12339
0.363694
0.39688
0.31079
-0.129058
0.0283442
-0.275552
0.045698
0.149832
0.0317972
0.184073
0.184809
-0.0256447
-0.803933
0.679991
-0.748322
-0.0683766
0.502032
-0.0583093
-0.347041
0.184592
-0.0874675
-0.359301
0.87172
0.414509
-1.29686
0.0482599
0.903175
-0.270361
-0.0715661
-0.067831
0.151246
0.33094
-0.724124
0.572289
-0.406696
0.251114
-0.458224
-0.336958
0.347571
0.904222
-0.655098
-0.157379
0.594959
-0.252361
-0.670295
0.839712
-0.346276
0.480975
-0.342704
-0.330101
0.344764
0.0103057
0.430211
-0.321119
-0.165591
0.308951
-0.640292
-0.4505
0.994416
0.685315
-1.02193
-0.139975
-0.0759343
0.244086
0.699232
-0.637931
0.359799
-0.586752
-0.0262341
0.311611
0.182881
-0.125728
0.245607
-0.267134
0.177218
-0.666664
0.483486
-0.300475
0.0527063
0.100479
0.287028
-0.0692009
-1.0305
0.992998
-0.128615
0.121489
-0.0964386
0.42419
-0.745195
0.415094
-0.132008
-0.0793253
0.182622
-0.140292
0.0955228
0.00132107
-0.049938
0.0159144
0.419091
-0.304229
0.0538002
-0.209777
0.013564
-0.117703
0.0480987
-0.192566
0.316853
-0.38013
0.399776
0.252421
-0.920331
1.38781
-1.10463
0.321153
-0.280083
0.458387
-0.382865
0.225353
0.0879741
-0.576368
0.412933
0.31904
-0.231053
0.117484
0.182594
0.244626
-0.703181
0.0219399
0.176788
-0.0490562
-0.0344027
0.175086
-0.452778
0.74402
-0.465175
-0.0472257
-0.0481821
0.408129
-0.470755
0.40491
0.0388544
-0.25248
-0.573429
0.712394
-0.716119
0.88225
0.228818
-0.265558
0.357704
-0.608915
-0.0401839
0.360078
0.136362
-1.18562
0.338802
1.27994
-0.670975
-0.768404
0.52759
0.0794274
-0.117113
-0.236053
0.331907
0.195692
-0.0630667
0.0909851
-0.57817
0.709034
-0.180838
0.259066
0.045123
-0.890629
0.544476
0.128125
-0.00318634
-0.36029
0.554865
0.288299
-0.532046
-0.19459
-0.09987
0.694389
-0.726019
0.192868
-0.886453
1.43852
-0.042473
-0.563289
-0.178542
0.594549
-1.44955
1.38206
-0.170573
0.0175668
0.0262206
0.125964
-0.837646
1.06279
-0.369157
-0.0178937
-0.309153
-0.640288
0.596254
0.503748
-0.217023
-0.160782
-0.158307
0.281462
0.435567
-0.653212
-0.63732
-0.0739298
0.878534
-0.219305
0.181385
0.0936541
-0.0358697
-0.0838571
0.0322899
-0.69631
0.408747
0.306767
0.129065
-0.183966
0.128117
-0.215144
0.384004
-0.825251
0.439584
0.0507032
-0.105711
-0.307441
0.420994
0.170274
0.0516799
0.0991585
-0.396745
0.346699
-0.0816363
-0.398429
-0.0234193
0.970099
-0.2418
-0.0957185
-0.261938
-0.156509
0.0972136
-0.178111
0.277973
-0.0273115
0.165017
-0.00521681
-0.144272
-0.231596
0.0110513
0.173024
-0.318392
-0.564599
1.05576
-0.740701
0.299343
0.273198
0.543437
0.175356
-0.148014
-0.764616
0.148669
-0.137474
-0.115854
0.071954
0.380662
-0.317242
0.196832
-0.413149
0.43509
-0.571438
-0.503412
0.0993754
0.335606
0.622504
-0.327142
0.435237
-0.15099
-0.210276
-0.0819121
-0.0428982
0.183573
0.0547695
-0.47545
0.837245
-0.661655
0.561992
-0.223432
0.121669
0.121734
-0.131279
-0.830003
0.290136
0.27295
-0.107752
0.194505
0.439801
0.0148417
-0.0406654
-0.588715
-0.480513
0.467978
0.0258734
0.0603325
0.759297
-0.84833
0.0534731
1.04505
-0.816396
0.431788
0.105588
-0.64532
0.496167
-0.440786
-0.0779276
0.514962
-0.192286
-0.0351311
0.152145
-0.251592
0.0721109
-0.13584
-0.0985029
0.0996443
0.0390371
-0.19565
0.0426695
0.173899
0.0238214
0.356128
0.288621
-0.387624
-0.423561
0.146128
0.0785644
0.14255
-0.228546
-0.12331
0.186159
0.0837131
-0.419621
0.0203465
1.00807
-0.293563
-0.428004
0.0661667
-0.249229
0.237389
-0.269661
0.225286
-0.271785
-0.105942
-0.198281
0.554956
0.204394
0.368953
-0.497169
-0.390475
0.0447498
0.06617
0.0662802
-0.135142
-0.0596357
0.460636
0.140149
-0.76334
-0.107516
1.15524
-0.718133
-0.291873
0.0512522
-0.582271
0.430486
0.177105
0.742366
-0.685514
0.430475
-0.00349298
-0.26634
0.244296
-0.0747496
-0.168918
-0.1194
-0.284474
0.152427
0.634245
-0.759404
0.267357
0.222501
0.595578
-0.537119
0.134699
-0.268992
0.128265
-0.196922
0.0683146
-0.0955378
0.573345
-0.159305
0.0830493
-0.598157
-0.343431
0.622795
-0.18969
0.232785
0.296025
0.279841
-0.845344
0.35969
-0.464162
1.25431
-0.670988
-0.579823
0.133141
-0.0282109
0.575337
0.00469515
-0.15282
-1.06432
1.08541
-0.0753302
-0.445312
-0.103337
0.391525
-0.089998
-0.018511
0.231276
-0.0457033
0.194003
-0.195463
-0.111244
0.205853
-0.192489
0.51266
-0.290164
-0.680729
-0.088596
0.904082
0.220673
-0.67885
-0.163936
0.21578
-0.0333211
-0.254523
0.0883816
-0.144249
0.210285
-0.137491
-0.0302848
0.140624
-0.57637
0.850269
0.0100051
0.186097
0.234992
-0.25635
-0.538072
0.464076
-0.349529
-0.0296419
0.0772909
0.556699
-0.66107
0.305952
0.0654492
-0.0663484
0.231078
-0.858436
0.649468
-0.39671
0.535249
-0.362744
-0.668664
0.82599
0.0310643
-0.207965
0.0757978
0.00581654
0.42219
-0.88677
0.413681
0.561484
-0.964543
0.197965
0.477844
0.34975
0.0236833
-1.00319
0.770712
-0.921089
0.925613
-0.361101
-0.0228206
0.0676257
-0.150859
0.403796
0.556696
-1.16445
0.138343
0.217206
-0.00762897
0.120877
-0.401635
-0.23548
0.400029
0.20989
0.47047
-0.107086
0.138561
-0.876572
0.0214534
-0.369954
1.29917
-0.401961
-0.425718
-0.195589
1.04219
-0.492098
-0.0818156
-0.00882083
-0.185637
-0.118827
-0.311281
0.483966
-0.462164
0.308111
0.213988
0.433433
-0.257147
-0.574927
-0.182882
0.269721
0.423065
-0.0831055
-0.491831
0.31229
-0.396949
0.555004
-0.766865
0.709863
0.0856112
0.353028
-0.484986
0.168519
0.0404287
-0.316878
0.815719
-0.301825
0.107559
-0.191086
-0.359472
-0.176949
0.541031
0.082104
0.489287
-0.620183
-0.335701
0.0167057
0.507998
-0.44585
0.0136404
-0.392019
0.581844
-0.3386
-0.0519516
0.303592
-0.189585
-0.506204
0.360195
0.741749
0.105728
-0.662395
-0.131253
0.238196
-0.204217
-0.290618
0.837722
0.0346199
-0.407445
0.179176
-0.245451
0.680435
-1.13022
0.474047
-0.695873
0.749619
0.251573
-0.229082
-0.162311
0.532773
0.424441
-0.385064
-0.634962
0.82174
-0.311716
-0.224555
-0.221309
0.0521665
-0.0398395
0.424582
-0.780116
0.322379
-0.145797
0.775217
-0.0898338
-0.219345
-0.341345
0.353902
-1.08827
0.908503
0.770889
-0.732634
0.161348
-0.0625343
-0.177595
0.459473
-0.209966
0.0562181
0.65355
-1.75858
0.395274
0.26555
0.303706
-0.376946
0.500261
0.0301948
-0.254113
0.404571
-0.546029
0.421336
-0.0655753
-0.0744
-0.4619
0.691655
0.030028
-0.796695
0.174002
-0.288696
0.391436
-0.640105
0.69609
0.449635
0.196295
-0.469672
0.370993
-0.0541499
-0.0872446
-0.35865
0.637319
-0.361236
-0.357306
0.589586
-0.177688
-0.00317581
0.0912123
-0.00965139
-0.720568
0.34315
0.366113
-0.19162
0.0500323
-0.316848
0.625325
-0.215243
0.275191
-1.19331
0.901786
-0.387889
-0.558266
0.723986
-0.137253
-0.584368
0.419871
0.407885
0.171515
-0.461675
0.438626
-0.54147
0.301527
0.228021
-0.7888
0.00370433
0.360599
-0.4387
0.768476
0.00680724
-1.20749
1.05369
0.319723
-0.0118992
-1.14248
0.978958
-0.437804
-0.169593
1.04909
-0.418953
-0.210091
-0.190107
-0.136944
0.406756
-0.398882
0.213975
-0.479737
0.83192
-0.439333
0.111431
0.851295
-0.751206
0.101146
-0.211958
-0.435658
1.10396
-1.29955
0.797907
0.0142231
0.414866
-0.529509
-0.531672
0.904058
-0.642968
0.319734
0.0154703
-0.0542173
0.498711
-0.0918336
-0.518449
-0.0535712
0.398805
0.433244
-0.531594
0.0460772
0.239693
-1.04421
0.205829
-0.159502
0.626746
-0.0107354
0.282086
-0.625262
0.38374
0.0701644
-0.239454
0.253357
-1.1155
0.201416
0.496801
-0.457902
0.307797
0.0552679
0.115287
0.78837
-0.991905
0.811298
-0.409175
-1.03926
0.659768
0.676653
-0.581728
0.0767227
0.00607076
-0.144834
0.235914
-0.35312
0.146931
0.19517
0.394863
-0.0637022
-0.231819
0.29845
-0.547102
0.316091
-0.150302
-0.216131
0.391307
-0.0742003
0.100101
-0.27709
0.711718
0.0562981
-0.693526
1.13323
-1.02296
0.28072
-0.753107
0.83439
-0.168501
-0.0551496
-0.30022
-0.47658
0.686961
0.111974
-0.342165
0.414251
-0.043338
-0.0201483
0.176961
-0.216771
-0.82375
0.629719
0.249165
-0.668535
-0.071391
0.276206
0.054179
-0.131259
0.163497
0.0481123
0.0923661
-0.0430018
-0.364635
0.081445
0.665358
-0.394586
0.280409
0.466739
-0.477691
-0.83398
0.2949
-0.0649682
0.592256
-0.00931649
-0.158197
0.224241
-0.458857
0.571351
-0.765566
-0.179492
0.216223
-0.175582
0.68061
-0.0320102
-0.516985
0.164853
0.497988
-0.294634
0.373815
-0.377345
0.347178
0.172199
-0.159945
0.0148746
-0.149037
-0.156884
-0.129405
-0.046562
0.254475
0.0805279
-0.0907158
-0.325501
0.0337632
-0.141503
0.228628
-0.0174116
-0.510386
0.993323
-0.524949
-0.222468
0.0136363
0.808515
-0.655524
0.134546
0.0357156
0.0676712
0.00290986
-0.0547868
-0.0237858
-0.187117
-0.322558
1.26934
-0.685814
0.762202
-0.403747
-0.284227
-0.318656
0.760028
-0.418509
0.07469
-0.0204227
-0.703651
1.12201
-0.521671
-0.0107534
0.317057
-0.459347
0.448066
-0.610917
0.0734904
0.250134
-0.793278
0.823007
-0.235692
0.224839
0.0695987
-0.500947
0.87111
-0.264741
-0.00128112
-0.0320476
-0.341558
0.339188
-0.360828
-0.163113
0.557081
-0.219162
-0.102723
1.05466
-0.200659
-0.997168
0.262768
-0.19553
1.06364
-1.06006
1.08436
-1.35142
1.25139
-0.513598
0.623097
-0.0396473
-0.457242
-0.300012
-0.0870111
0.0126996
-0.586202
0.456776
0.564803
-0.0476264
-0.995784
0.502194
0.158282
0.110323
0.122653
-0.292239
0.9112
-0.605493
0.501744
-1.25603
1.27545
-1.21688
1.21688
-1.26122
1.22581
-0.68784
0.825163
-0.947004
0.402424
-0.413632
-0.045718
-0.591165
0.405343
-0.196105
0.810631
-0.941216
0.504408
-0.125288
0.411222
-0.0963702
0.746894
-0.831976
0.863234
-0.822285
0.739875
-0.967733
1.16441
-1.07988
0.910877
-1.13664
1.02401
-1.43234
0.225339
0.227081
0.603216
-0.0431569
-0.192005
-0.0122195
0.459162
-0.31146
-0.0804063
0.101522
-0.0550843
-0.0308699
0.554657
-1.37736
1.64556
-1.66704
1.52759
-1.12394
1.04835
-0.256413
-0.182218
-0.12797
-0.05061
-1.22264
0.907572
0.12314
-0.322048
-0.302074
0.441565
0.596335
-0.213075
0.121994
-0.22519
0.307062
-0.475431
0.561345
-0.449093
-0.104045
0.272958
-0.00896802
0.0019062
0.0614627
0.136838
-0.247041
-0.0831474
-0.465531
1.28507
-0.927224
-0.730992
0.499423
0.762096
-0.105535
-0.0134526
0.0469155
0.268544
-0.278959
-0.737923
0.60206
-0.729064
0.453611
0.300232
-0.819302
0.267003
0.364934
-0.561818
0.619883
-0.216371
-0.308515
0.248819
-0.0982865
0.897627
-0.585973
0.0407785
-0.322166
0.415993
-0.415456
0.0155658
-0.204085
0.393015
-0.125583
0.226701
-0.095498
-0.131525
0.124189
0.298045
-0.579828
0.504346
-0.531857
0.189304
0.166938
-0.698779
0.605989
0.234083
-0.691111
0.241462
-0.0812077
0.491148
-0.476719
0.290507
-0.929995
0.240464
0.88549
-0.360789
-0.347565
0.132479
0.29696
-0.107412
-0.107313
0.150659
-0.0609531
0.101368
0.105825
-0.214423
0.239408
-0.437178
0.333927
0.290689
-0.34445
-0.0557831
0.566224
-0.389242
0.206341
0.0793041
-0.160324
0.0847216
-0.514686
-0.0916892
0.480817
-0.0195068
-0.333706
0.799443
-0.132967
-0.020507
-0.177606
-0.586512
0.334071
-0.136701
0.150096
0.207552
-0.689185
1.09536
-0.881605
0.436705
-0.256357
0.234287
-0.246933
0.0513949
0.00501717
0.250754
-0.574967
0.102932
-0.672726
1.30135
-0.168778
-0.39542
0.313516
0.187783
-0.928557
0.434349
0.149762
-0.552059
0.168418
0.705009
-0.689886
0.466453
-0.23707
0.800946
-0.119476
-0.895744
0.12779
0.251946
0.113474
0.392749
-0.424623
0.491928
-0.552591
-0.583378
0.633257
0.323286
0.0614459
-0.583992
0.127105
-0.266449
0.459747
-0.0153658
-0.0444471
-0.268985
0.432539
-0.376499
0.144961
-0.180215
-0.0151249
0.034535
0.0214442
0.105376
-0.257819
0.321129
-0.196257
0.414656
0.175405
-0.77488
0.25593
0.0522443
0.0139243
0.27669
-0.379295
-0.00455956
-0.213549
-0.169981
0.658698
0.011914
-0.286515
0.558351
-1.37466
1.27102
0.13891
-0.682862
0.557923
-0.693253
0.0405979
0.596337
-0.234999
-0.550907
0.686656
-0.384904
-0.0132692
0.481578
-0.30735
0.156998
-0.0128178
-0.295407
0.170468
-0.0760121
-0.0048661
0.608151
-0.68119
0.897755
-1.00622
0.407198
0.139066
-0.112324
-0.231688
0.07232
-0.0444816
0.0232745
-0.132719
0.128812
0.369867
-0.237317
-0.341768
0.272701
-0.202428
0.148601
-0.278773
0.410392
0.466481
-0.934198
-0.639737
0.763344
0.437121
-0.515785
0.406438
0.11117
-0.149077
-0.140849
0.486917
-0.288878
-0.141028
-0.219133
0.416957
0.0296423
-0.165538
0.158971
-0.294463
0.518093
0.214963
-1.41828
0.940613
-0.190297
0.273613
-0.213369
0.179921
-0.615221
0.00772891
0.977499
-0.31984
-0.25769
0.0592313
0.505668
-0.346926
-0.160896
0.110435
-0.0130953
0.060456
-0.25307
-0.376081
0.329979
-0.109144
0.670941
-0.0905299
-0.934947
0.440427
0.319347
-0.111862
0.286117
-0.331115
-0.565397
0.848015
-1.01514
0.836867
-0.401728
-0.11667
0.608032
-0.112914
0.0739579
-0.295188
-0.287032
0.352023
0.230197
-0.24919
0.0433933
0.147042
0.207333
-0.68552
-0.169417
0.437984
0.36209
-0.0228823
-0.286034
0.0811955
-0.344741
0.193263
0.0404441
-0.0193656
-0.297024
0.0461303
0.33094
0.340748
-0.727764
0.540153
-0.0232417
-0.260391
0.222243
0.647817
-0.119975
-0.875394
0.695437
-0.224261
0.279279
-0.305993
0.0509983
-0.633501
0.608562
-0.464943
0.0104545
-0.292082
0.418865
0.187324
-0.321406
0.41879
-0.09691
-0.616989
0.371314
0.315001
-0.116506
-0.0658506
-0.0695004
0.0806178
-0.239863
0.0669108
0.463231
0.283096
-0.733537
-0.0436758
0.160641
-0.0619666
0.640868
-0.283274
-0.478015
-0.127887
0.423371
0.0120707
-0.037335
0.207125
0.179118
-0.553085
0.0485047
-0.110936
0.0387264
0.5164
-0.486705
0.0278755
0.0772255
-0.0910904
0.358006
0.0257796
-0.627501
0.374227
-0.544983
0.0508385
0.352793
-0.554966
0.877649
-0.447766
0.163477
-0.172282
-0.0207538
0.366763
-0.0344355
-0.441899
0.286779
0.267889
-0.0530934
0.201827
-0.40363
-0.627594
0.543365
-0.00411901
-0.249397
-0.0416549
0.606938
-0.233154
0.194615
-0.795589
1.22758
-0.304298
-0.593346
0.801522
-0.175038
0.45855
0.177102
-0.732843
-0.313218
-0.255576
0.361455
0.573074
0.178052
-0.263063
-0.437477
-0.053366
0.119661
-0.0778868
-0.0550748
-0.252765
0.831609
-0.690742
0.17389
0.158626
0.365935
-0.162484
-1.0688
0.978181
-0.821295
0.135106
0.132913
0.417084
-0.459488
0.625643
-0.412581
0.130169
0.167872
-0.160113
0.291252
-0.145206
0.140398
0.0726956
0.146505
-0.254392
0.634867
-1.17206
0.188533
-0.0969759
0.0710926
-0.0217798
0.632614
-0.747781
0.158897
0.132509
0.225256
-0.151617
-0.452298
0.317634
-0.0350875
-0.295136
-0.202995
0.0934307
0.496407
0.252564
0.342109
-0.632425
0.2097
-0.229721
0.0652875
0.164433
-0.54897
0.0388434
0.078739
-0.046384
0.0873188
0.231404
-0.221487
-0.354166
0.499644
-0.0994794
0.0552024
0.142515
-0.0909777
0.22845
-0.0451702
-0.421835
0.310022
-0.203381
0.0834685
-0.154902
0.781056
-0.776448
0.0422226
0.2494
0.501159
-0.657396
-0.41261
0.635793
-0.124521
0.231998
-0.495278
-0.449027
0.205305
0.472078
0.282161
-0.18631
-0.0584126
0.0564931
0.0767937
-0.401128
-0.0773242
0.351092
0.208834
-0.106455
-0.0608151
-0.114015
0.326278
-0.41562
0.502515
0.0494049
-1.17825
0.805514
-0.0668834
0.0758475
-0.463474
0.506273
-0.559704
-0.184233
0.610339
0.225662
-0.0819524
0.0638037
-0.242445
-0.0317001
-0.69479
0.663484
0.225086
0.0180982
-0.0925763
0.0609053
-0.00190482
-0.0993738
0.0205095
0.202222
-0.288218
-0.283281
-0.325392
0.496183
0.772914
-0.978662
0.566674
-0.419732
0.339975
0.0667072
-0.0121258
-0.218685
-0.297567
0.0984442
0.40707
-0.0519178
-0.323271
0.175868
-0.0115731
-0.086408
0.350248
0.0140009
-0.00246756
0.345014
-0.636088
-0.084654
0.0487314
-0.434752
0.131843
-0.795401
0.44726
1.01595
-0.567494
0.404347
-0.101861
0.171737
-0.186436
-0.131325
0.204902
0.163944
-0.294896
0.805563
-1.22882
-0.0266716
0.585499
-0.694729
0.151325
0.607896
-0.37243
0.172678
0.240803
-0.356999
0.32988
0.0212398
0.760465
-0.967956
0.28646
-0.391525
0.199185
0.14474
-0.19562
-0.224677
-0.637239
1.09881
-0.38261
-0.0359208
0.348547
-0.275168
-0.00395072
0.211486
-0.0863598
-0.0427871
-0.363393
1.05696
-0.342575
-0.193027
-0.292396
-0.042456
0.478933
-0.204205
-0.526648
-0.0533818
0.398164
0.170116
0.568989
-0.741616
-0.479064
0.780373
-1.05851
1.01059
0.197293
0.346526
-1.23065
0.247911
0.319379
-0.332782
-0.38261
-0.131219
-0.00059252
0.539224
0.155888
-0.0231159
-0.563673
0.982202
-0.949278
0.700313
-0.0976569
0.400935
-0.144946
0.218454
-0.481255
0.0854558
0.167765
-0.419405
0.254512
0.0248236
0.14271
0.303154
-0.38934
-0.382197
0.0536137
0.21968
-0.270584
0.12325
0.654177
-1.20965
0.162764
0.233805
0.114328
0.646636
-0.528238
0.531137
-0.378106
-0.499276
-0.0304087
0.7369
-0.0836278
0.265314
-0.0470475
0.279289
-0.541638
0.0276714
-0.14412
-0.401726
0.0589644
0.442946
-0.889983
0.651733
0.280629
0.363855
-1.39679
0.646216
0.479892
0.454012
-0.771099
-0.00947811
-0.116078
-0.407827
0.263755
0.0293821
0.087328
-0.595159
0.380675
0.556993
-0.688318
-0.388866
0.522719
-0.225516
0.673235
0.74055
-0.23801
-0.40991
0.614268
-0.477121
0.177045
-0.32876
0.416229
-0.261966
-1.29323
0.321875
-0.126012
0.598047
0.132626
0.306
-0.0863416
-0.607938
0.698185
-0.123536
0.0673687
-0.00780775
-0.317635
0.486294
-0.658489
0.134115
0.298691
-0.265242
0.121727
-0.82637
0.538962
0.362767
0.186919
0.0360183
-0.0682428
0.0983358
0.179022
-0.546164
-0.0235984
0.374806
-0.166388
-0.276457
0.16396
-0.321607
0.0888983
0.168263
0.0212319
-0.261912
0.25423
0.302497
0.0755529
-1.01728
1.15236
-1.04261
1.20231
-0.808543
-0.347708
0.286647
0.262064
0.421005
-0.498709
0.186605
0.182702
0.119642
-0.665041
0.358778
0.295004
-0.783251
0.0162117
-0.136692
0.62059
0.0757207
-0.0918966
0.107553
0.124572
-0.5616
0.473718
-0.276734
0.958694
-0.849187
-0.467241
0.73801
-0.287536
0.549387
-0.814086
0.368616
-0.511386
0.171594
0.34884
-0.199011
0.0767468
0.0679061
0.378869
-0.520621
-0.193108
-0.132898
-0.14031
0.720491
-0.812198
0.71436
0.0448829
-0.27235
0.236364
0.0718631
-0.155125
0.55195
-0.312025
-0.297624
0.2745
-0.112704
-0.480418
0.0420335
0.545336
-0.0216728
0.210325
-0.208509
-0.124635
-0.399576
0.0428646
0.453735
-0.631092
0.0938265
0.264455
-0.199924
0.401017
-1.21446
1.67594
-0.988826
-0.179943
0.721012
-0.239896
0.338428
0.270276
-0.672568
-0.000741748
0.263653
-0.0686274
0.303359
-0.421274
0.288812
-0.106779
0.134006
0.0715523
-0.675289
0.38483
0.0549977
0.0012582
-0.290616
0.380857
-0.595024
0.382899
0.332946
0.0967393
-0.0320628
-0.274899
-0.172712
-0.243684
0.289881
0.364219
-0.658914
0.267571
-0.165928
-0.205705
0.245146
0.649366
-0.339638
-0.00492757
-0.187376
-0.886878
0.458061
0.611761
-0.64265
0.323063
0.549595
0.742239
-0.77677
-0.684914
0.512992
-0.688321
0.61998
0.0199383
-0.501413
0.827732
-0.641482
0.00649725
0.0811907
0.431512
-0.172076
0.120628
-0.806679
0.0312977
0.425704
-0.0239263
-0.932047
0.729651
0.111484
0.352487
0.263394
0.028588
-0.855338
0.594137
0.169516
-0.299578
-0.0271412
-0.287848
-0.229806
0.483813
-0.235293
0.451593
-0.131776
-1.04206
1.2611
-0.290735
0.374647
-0.181965
-0.274891
-0.0182027
0.505408
-0.472687
-0.297815
0.414384
-0.190426
0.560838
-0.536926
0.175347
0.432966
-0.650404
0.23644
-0.0920663
0.0302551
-0.205088
0.224377
0.0313996
0.00995781
0.0526564
0.522733
-1.41261
0.386455
-0.0101713
0.388985
-0.00163825
0.359022
0.398688
-1.09631
0.303135
-0.0336246
-0.243715
0.904525
-0.431364
-0.0745839
0.0574231
0.424909
-0.256481
-0.118355
-0.145252
0.265622
-0.332517
0.401714
-0.303
-0.294097
-0.36454
1.04113
-1.1615
1.33381
-0.731819
0.0474749
0.413227
0.089422
-0.602292
0.156262
0.0678338
-0.525126
0.25949
0.150917
-0.0433947
0.283831
0.0733061
0.244114
-0.335709
0.0455917
0.255936
-0.078184
-0.773411
0.598987
-0.317688
0.0508177
-0.064271
-0.527041
1.04271
-0.431994
0.0857178
0.506072
-0.49005
0.614579
-0.0913019
-0.446398
0.0917145
0.0131073
-0.127051
-0.380813
0.0436338
0.403374
-0.168311
-0.307934
0.336319
-0.103263
-0.419615
0.79588
0.17218
-0.760268
0.469444
-0.390816
0.271347
-0.050969
-0.414012
0.454378
-0.133219
-0.12664
0.311566
-0.173512
0.229112
-0.132734
-0.106901
0.362858
-0.252141
0.0811021
-0.436298
-0.243111
0.964117
-0.464174
-0.147784
0.149008
0.150936
-0.395591
0.552792
-0.663137
0.387774
-0.0212837
0.29169
-0.568285
0.199781
0.198826
-0.191111
-0.0801643
0.383347
-0.0579919
-0.0590528
0.0356213
-0.164457
0.215665
-0.243828
0.557625
-0.725896
-0.0244337
0.567723
-0.193874
-0.0294693
0.0977248
-0.305089
-0.196478
0.215049
0.0908258
-0.0921415
0.0257054
-0.553444
0.920585
0.483003
-0.190332
-0.319726
-0.38757
-0.441191
0.670941
-0.289643
0.310493
0.0144778
0.199726
-0.152637
0.0639661
-0.210533
0.379845
-0.420672
-0.076732
0.0562411
-0.131168
0.107069
0.48044
-0.394657
-0.160433
0.460731
-0.755644
0.663143
-0.110979
-0.184102
-0.071882
0.0528374
-0.0704951
0.553678
-0.346918
-0.189356
0.116896
0.245035
-0.0331426
0.36189
-0.0592346
-0.30103
-0.0973441
0.225188
0.12107
-0.376018
0.188835
-0.660384
0.42365
0.17392
0.209569
0.235213
-0.239577
-0.304921
-0.138498
0.539245
-0.501001
-0.0892574
0.393374
-0.589491
0.437212
-0.0349113
-0.330008
0.330904
0.0244283
-0.448038
0.555627
-0.367108
-0.47825
-0.139939
0.91948
-0.21021
-0.710838
0.496779
0.136489
0.107188
-0.582332
0.861534
-0.209895
-0.720409
0.426302
0.35285
0.298724
0.24419
-0.639175
-0.106294
0.177835
-0.701497
0.930245
-0.221701
-0.0361944
0.00991774
0.302286
-0.251342
-0.621702
0.216491
0.178873
-0.441964
0.684583
0.896312
-1.51863
0.558029
-0.0908074
-0.115883
0.140827
-0.0800242
0.188756
-0.251124
0.348615
0.493109
-1.12208
0.160856
0.0635962
0
0.384632
0.0275107
0.00177865
0.0814448
-0.454568
-0.027777
0.171747
0.122724
0.112412
-0.481715
0.044303
-0.10294
0.00858971
0.363982
-0.0402376
0.443739
-0.229044
0.0350171
0.208786
-0.543608
0.30783
-0.0810465
0.280827
-0.594844
0.170111
0.129666
-0.439151
0.380284
-0.0179733
0.00975026
0.111848
-0.0442574
-0.00199906
-0.343961
0.204436
-0.200124
0.502966
0.0648939
-0.470893
0.338844
-0.039806
-0.667911
0.279266
0.104398
0.21078
-0.454828
-0.108527
0.464723
-0.277485
0.460507
-0.453597
0.156074
-0.184998
0.363148
-0.869722
0.734404
-0.0489519
0.547992
-0.474045
0.110322
-0.147138
0.29789
-0.163392
-0.378885
0.0429935
-0.0844025
0.710715
-0.0836299
-0.438326
-0.0961532
-0.163799
-0.0766341
0.26946
0.0483809
0.0085326
0.0160496
0.253641
0.0737183
0.178814
0.054959
-0.0614654
0.532125
-0.79522
-0.031019
0.155664
0.0198123
-0.212786
0.016101
0.0422136
-0.0422136
-0.12357
0.0254117
0.307939
0.186989
-0.723577
0.236191
0.102092
-0.854169
0.54264
-0.00621819
0.421936
0.0317144
-0.390194
0.683615
0.131089
-0.169236
-0.650793
0.740363
-0.737264
0.0378087
0.286258
-0.286743
0.233876
-0.465917
-0.235453
-0.33003
0.684176
0.626807
0.0193769
0.15632
-0.738746
0.627634
-0.0853974
-0.637111
-0.0889925
0.408461
0.287831
-0.399903
0.059915
0.223565
-0.292344
0.106334
-0.489323
0.508294
0.289121
-0.533776
0.277319
-0.10372
0.0810492
-0.10902
0.0172315
0.465165
-0.25977
-0.288448
0.179736
-0.151824
0.307755
-0.0754604
0.282737
-0.397415
0.0226265
-0.33249
0.310915
-0.233205
0.495979
0.387467
-0.416659
-0.074349
-0.325868
-0.299833
0.69885
-0.772119
0.441566
-0.0140418
0.48893
-0.558847
0.0380612
-0.294818
-0.0906074
0.299995
0.185182
-0.419506
0.364534
0.226808
0.170017
-0.278167
-0.298086
0.358179
0.220167
-0.139382
-0.119835
-0.465151
0.271454
0.332192
-0.500156
-0.46167
0.638096
0.160903
0.487809
-0.556986
0.02921
-0.624386
0.937537
0.0152887
-0.956985
1.35246
-0.578579
-0.0577019
-0.187188
0.195805
0.106547
-0.0964861
0.0712802
-0.24425
0.239281
-1.01481
-0.120813
1.13267
0.244513
-0.555248
-0.0316874
0.00268501
0.349163
0.0801854
0.405546
-0.104516
-0.194977
-0.500359
0.0367944
0.509836
-0.203477
-0.083184
-0.128905
0.221849
-0.0660057
0.465044
-0.900333
0.308353
-0.238544
0.499622
-0.0837545
0.0947992
0.156786
-0.11756
0.0198948
-0.433536
0.740641
-0.128745
-0.0982722
-0.350264
-0.942066
0.762615
-0.121376
0.518514
-0.361728
0.265085
-0.586543
0.0239278
0.603527
-0.276863
0.294861
-0.160924
0.361263
-0.787601
-0.0588823
0.677906
0.227821
-0.175348
-0.0986911
0.458564
-0.534474
0.0203693
-1.02708
1.13548
-0.0593282
-0.823471
0.612258
0.0902319
-0.217765
-0.568195
1.20102
-0.747408
0.165332
0.376379
0.112016
-0.264334
-0.191273
0.0530622
0.192334
0.0585631
-0.64935
0.711749
-0.0896108
-0.41948
0.0559952
-0.261281
0.328981
-0.431214
0.473228
-0.701833
0.795761
0.38974
-0.54895
0.697795
-0.364399
-0.302296
0.202479
0.380413
-0.460265
-0.514199
0.302444
-0.104717
0.274927
-0.0727851
-0.183122
0.110051
-0.134499
-0.288978
0.769509
-0.0591983
-0.0717391
-0.467179
0.23317
-0.00363431
0.066043
0.652761
-0.672472
0.0381547
0.342863
0.1959
-0.803457
-0.0087876
0.117639
0.146523
-0.455917
0.486473
0.149704
-0.650463
0.589745
0.416758
-0.0124985
-0.441103
-0.0380673
-0.201986
0.12737
-0.234179
0.109814
-0.318241
-0.142564
0.0817986
0.654114
0.395915
-0.242749
-0.298133
0.0933635
0.445503
0.0743823
-0.213416
-0.341094
-0.240798
0.160232
0.00584448
0.298794
-0.462379
0.179566
0.277824
0.0685111
-0.223909
-0.717453
-0.0491125
0.573718
0.107734
-0.213985
0.203347
-0.324348
0.786283
-0.2804
-0.0424584
0.0519516
0.786387
-0.542388
-0.147688
-0.399017
0.296512
0.140675
-0.377313
0.650478
-0.459597
0.36024
-0.669703
0.431573
0.321825
0.139784
-0.894224
0.343215
0.149816
-0.138185
-0.371599
-0.022647
0.189714
-0.157953
0.948348
-1.1086
0.254255
-0.107305
-0.180698
0.264268
0.0512728
0.45857
-0.7596
1.22977
-0.860576
-0.500152
0.187403
0.572992
-0.659511
0.294759
0.273531
0.136786
-0.202998
0.237653
-0.246788
0.244022
-0.725315
-0.097351
0.144596
0.405529
-0.10334
-0.209311
0.174214
0.739027
-0.599854
-0.0477805
0.000661038
0.346677
0.0312248
-0.624938
0.36184
0.060461
-0.16455
0.406845
-0.168528
-0.00640821
-0.305059
0.355273
0.355604
-0.40466
-0.360541
-0.121003
0.756143
-1.1731
1.12854
-0.48299
0.715809
-1.03055
0.468115
0.0549728
-0.160826
0.140385
0.191331
-0.804115
0.351726
-0.0559003
-0.292526
0.78408
-0.558948
-0.146246
0.424402
0.390576
-0.307704
0.0401172
-0.950363
0.478987
-0.0773371
0.125477
0.73212
-0.278253
0.330993
-0.369848
0.529548
-0.560021
-0.107506
-0.0138578
0.801752
-0.853781
0.381998
-0.295237
0.154291
-0.286364
0.15523
0.0706535
-0.35304
0.524809
-0.237474
-0.448548
0.310133
0.0277072
-0.37013
0.224323
0.190815
-0.46225
0.38206
-0.0862869
0.289755
0.140856
-0.396759
0.0937686
0.152301
0.0806654
-0.00222429
-0.107106
-0.535564
-0.221419
0.0981252
0.700208
-0.317173
-0.0419977
0.484905
-0.513546
-0.273534
0.564341
0.0143421
-0.175828
0.135225
0.284135
-0.566088
0.348123
-0.68805
0.815924
-0.129543
-0.315364
-0.246135
0.359153
-0.00104397
0.61637
-0.404146
-0.161104
0.279575
-0.0121104
-0.53939
0.472133
-0.00324272
-0.583797
0.338851
-0.297603
0.675405
-0.392009
0.208667
0.188384
-0.543615
0.0921759
-0.436408
0.710279
0.360046
-0.202307
-0.0713376
0.00882638
-0.0871502
0.207221
-0.0587693
0.0963064
-0.382905
-0.109768
0.389178
0.169312
-0.104045
-0.418043
0.444372
-0.579088
0.623868
-0.363422
0.577745
-0.50298
0.0796836
-0.446763
-0.321045
0.579818
-0.424254
0.160834
0.1529
0.192842
-0.223344
0.309357
-0.30652
0.10192
-0.327782
0.088704
0.156561
-0.0384288
0.0819598
-0.537597
0.725359
-0.472449
-0.1469
0.920379
-0.533066
0.287861
-0.226532
0.368452
0.289203
-0.0682413
-0.584539
0.362247
-0.163515
0.280123
-0.598791
0.474939
0.027637
0.0936166
0.242175
-0.302535
-0.146021
0.0242871
-0.0128648
-0.0672616
0.266558
-0.846466
0.559619
-0.233933
0.126343
0.288893
-0.23065
0.33272
0.0341857
-0.136256
0.0647864
-0.0372589
0.328088
-0.828844
0.480817
-0.475494
0.329665
-0.0170716
-0.398896
0.309317
-0.169029
0.253378
-0.184979
-0.191356
0.502693
-0.206406
0.621758
-1.28065
0.473601
0.156775
0.069284
0.486724
-0.636415
0.0957646
-0.0886727
0.275378
-0.160377
0.149381
-0.0444985
0.0814567
-0.427289
0.195233
0.0772167
-0.109193
0.404597
-0.342032
0.357794
-0.0496637
-0.462014
0.124025
0.0515179
-0.0711565
0.939484
-0.109482
-0.09691
-0.115393
-0.113943
-0.698301
0.15328
0.41181
0.0412288
0.276507
-0.0848215
-0.174219
-0.356022
0.00124142
0.250984
-0.0800421
-0.608614
0.655944
0.377208
-0.990926
0.578219
-0.366532
0.0225622
0.198383
0.25401
-0.775306
0.0112918
0.493614
-0.287116
0.541606
-0.188918
-0.00352474
-0.431512
0.708165
0.00765297
-0.382217
0.0545178
0.0966832
0.0925381
0.146268
-0.240504
-0.0373177
0.108996
-0.318972
0.43599
-0.301901
0.520564
-0.709236
-0.577046
0.18097
-0.140889
-0.271175
1.07739
-0.00727304
-0.124165
0.266089
-1.25662
0.578575
0.818496
-0.53696
0.581622
-0.128751
-0.868836
0.14199
0.721994
0.0163904
0.344935
-0.886371
-0.0206288
0.305865
0.375606
-0.0172447
0.100624
0.153382
0.124307
0.0623422
-1.26441
0.739491
-0.0771457
-0.561414
0.738965
-0.0942699
-0.0744478
0.0529223
-0.125988
-0.241148
0.320959
-0.0753883
-0.0723552
-0.767725
0.202819
0.32526
-0.165543
0.563638
-0.439684
0.25516
0.75451
-0.65097
-0.284664
0.29837
0.196105
-0.503716
0.0527063
-0.70809
0.684066
-0.130398
-0.278087
-0.0178758
0.62171
0.176365
-0.0331804
-0.658671
-0.0390802
0.0776281
0.142495
-0.145041
0.298318
0.134044
-0.411182
0.265405
0.509522
-0.282497
-0.0291736
0.317378
-0.154097
-0.851497
-0.0943391
-0.291805
0.69162
-0.00704706
0.678275
-0.38039
0.41274
-0.0915497
-0.183838
-0.435011
-0.470834
0.222638
0.552624
0.00733784
0.138881
0.111974
-0.00410103
0.00740996
-0.509642
-0.256441
0.491148
0.247581
-0.0879292
-0.35289
0.0901114
-0.31354
0.110159
0.166085
-0.32734
0.594911
-0.0454028
-0.10367
-0.4041
0.521284
-0.241703
-0.491057
0.142385
-0.247527
0.533317
0.129776
-0.106567
-0.294956
0.164877
0.313556
-0.146316
0.100208
0.387043
-0.28885
-0.240419
0.236484
0.37855
-0.101799
-0.770208
0.502361
0.0452581
0.173602
-0.469331
-0.0378821
-0.297932
0.486684
0.220394
-0.23254
-0.157406
0.271156
-0.326857
-0.36625
1.45986
-0.539856
-0.308583
-0.0312923
0.169751
0.147045
-0.339787
0.263425
0.0514051
-0.194153
-0.294683
0.705411
-0.818256
0.134526
-0.0720135
0.438786
0.221047
0.289185
-0.782029
-0.318373
0.409292
-0.36542
0.272574
0.000641033
-0.0952389
-0.109802
0.479327
0.750123
-0.243038
-0.661322
-0.0566154
-0.0816488
0.307225
-0.431549
-0.407807
0.981261
-0.143773
-0.734963
0.620399
0.763142
0.116718
-1.52612
1.39579
-1.3989
1.52924
-0.819544
0.834267
-1.04714
1.05469
-0.932545
-0.0300819
-0.0467942
0.0667604
-0.178548
0.179854
-0.18558
-0.0621669
0.243408
-0.0332319
0.193221
-0.110667
-0.077728
0.780584
-0.631535
0.708769
-0.550269
0.589917
-1.07167
-0.227605
0.174411
1.05974
-1.0079
0.925523
-0.1289
-0.887171
0.802949
-0.67874
0.336571
-0.575968
0.758116
-0.303431
0.265642
-0.790766
0.52226
-0.0316407
-0.169556
0.908814
-0.501495
0.566828
-0.25023
0.365869
-0.237748
0.260412
-0.921594
0.740363
-0.271978
0.30377
-0.434811
-0.287698
0.15699
-0.946364
0.804745
-0.110401
0.125776
-0.0312654
-0.265834
0.193204
-0.673509
0.643751
0.0951673
0.814964
-1.12586
0.996762
-1.01679
1.11995
-0.581932
0.496501
-1.05253
1.16725
-0.92564
0.798183
-1.30453
0.142039
0.375232
0.251519
0.192861
-0.727426
0.335685
-0.177784
-0.285554
-0.310319
0.811824
0.175587
-0.298374
0.82429
-1.0836
1.15523
-0.896298
0.943723
-1.08773
1.0811
-1.24191
1.06582
-1.39433
1.35055
-1.08297
0.407631
-0.356397
0.391263
0.211535
-0.89994
0.579412
0.0658302
0.0232072
-0.241425
0.12139
0.199737
0.0175335
0.161693
-0.304556
0.638255
-0.64059
0.791152
-1.14493
1.06216
-0.440593
-0.279283
-0.636386
1.24492
-1.03436
0.467031
0.0265628
-0.382927
0.660313
-0.624681
0.360756
-0.224212
-0.102046
-0.0682961
0.199588
-0.306091
0.605669
0.476542
-0.435844
0.404032
-0.669928
0.339258
-0.584363
0.36342
0.397034
-0.331069
-0.543389
0.693866
-0.156243
0.25278
0.00942109
-0.678095
0.682883
-0.206161
-0.116928
-0.0815393
-0.277454
-0.100698
0.48562
-0.465636
-0.017915
1.09247
-1.07305
1.32911
-1.1677
1.03135
-0.736802
0.898821
-1.37371
1.33061
-1.26355
1.03694
-0.906123
0.939872
-1.22066
0.621353
-0.220301
-0.076849
-0.165381
0.0512239
-0.231417
0.279105
-0.179739
0.77752
-0.107565
0.596191
-0.920586
0.747419
-0.677311
0.944483
-1.41733
1.2738
-0.367233
0.313488
-0.539779
0.558563
-1.15512
-0.169153
0.412569
0.06901
0.48337
-1.51516
0.225882
1.02433
-0.874225
-0.180133
0.222318
0.776978
0.264918
0.522879
-0.922295
0.995967
-0.977531
0.903859
-1.13499
0.961986
-1.47526
1.53266
-1.20515
1.36276
-1.253
0.194674
-0.283474
-0.0165162
0.142073
0.5166
-0.49504
-0.507123
0.124714
0.0516469
0.139062
-0.340442
0.384561
1.13985
-0.926907
0.540181
-0.44163
0.917879
-1.22782
1.35803
-0.857038
0.779626
-0.640894
0.505015
-0.75447
0.369246
-0.291129
0.000455458
0.0440898
-0.68021
0.808355
-0.2576
-0.822653
0.844929
-0.152887
-0.175629
0.902351
0.0669468
-0.843371
0.595437
-0.181895
0.134
-0.282774
-0.331114
0.0418385
0.296614
-0.920708
0.746625
-0.00216295
-0.229123
0.353959
0.0486432
-0.459616
0.409742
-0.21996
0.384928
0.168373
-0.305421
0.0270395
0.0278428
-0.336478
0.0573072
-0.186735
0.659447
-0.27264
-0.509876
0.755505
-0.819963
0.923839
-0.848909
0.273771
0.488325
-0.218354
0.0987445
-0.077166
-0.292286
-0.0447257
-0.234931
0.17622
0.63708
-1.34493
0.594324
0.560221
-0.456823
0.391657
0.201244
-0.0916999
-0.291644
-0.336004
0.722318
-0.0232066
0.0662412
-0.0324783
-0.242711
0.152105
-1.22862
0.950816
0.228655
-0.0194735
-0.444923
0.32705
-0.0594513
0.373996
-0.838028
0.340061
0.301294
-1.11488
0.111663
0.791752
-0.516163
-0.5738
0.936331
0.31992
-0.00709261
-0.535953
1.02689
-0.241167
-0.627947
0.562313
-0.230786
0.401535
0.107933
-0.328718
-0.164003
-0.245284
0.981724
-1.10203
0.220656
0.269877
0.126498
-0.195442
-0.102453
0.135021
-0.189309
0.572213
0.310201
-0.676136
0.132068
-0.299514
0.327644
-0.458427
0.300469
-0.367977
0.3869
-0.423765
0.376603
0.337196
-0.455246
0.559358
-0.811907
0.319095
-1.25799
1.0048
0.168212
-0.305043
0.665659
-0.234523
-0.0425113
-0.0719056
-0.63454
0.51138
0.153377
-0.0266522
0.305025
-0.411688
0.0256295
0.3958
0.0150348
-0.650655
0.181828
0.672098
-0.130334
-0.259939
-0.484789
0.123494
0.413485
-0.729871
0.833531
-0.123751
-0.0909196
0.32893
-0.110286
-0.522559
0.504575
-0.635937
0.536431
-0.316291
0.954537
-0.807172
-0.329587
0.384992
-0.167885
0.402907
-0.233142
-0.257986
0.60154
-0.455464
-0.600601
0.463193
-0.295423
-0.288142
0.499197
0.446547
0.280161
-1.27426
0.389448
0.422692
-0.687985
0.71321
-0.0841205
-1.21755
0.869674
-0.043848
1.03728
-0.30103
-0.0836818
-1.03736
0.382801
0.458798
