0.593676
-0.0819971
1.22311
-0.698336
0.633659
-0.367977
-0.472808
0.36094
-0.312636
-0.374968
-0.221774
-0.239713
0.870337
-0.285765
0.672888
-0.538727
0.210685
0.097456
-0.534202
-0.137867
0.250734
0.244789
-0.392725
0.19925
0.143688
-0.0116032
0.221191
-0.215228
0.141668
-0.322668
-0.363697
0.169349
0.363892
0.149258
-0.113943
0.120591
0.207933
-0.228111
-0.644421
0.497152
-0.472797
0.589712
-0.108094
-0.0781469
-0.34089
0.335743
0.740203
-1.04426
0.494453
-0.0925252
0.412815
0.173508
-1.39621
-0.229283
0.164639
0.21076
0.936118
-0.293464
0.0292006
0.167203
-0.274439
-0.000318747
-0.174495
-0.11179
0.700621
-0.203085
0.805973
-0.516197
-0.0997288
-0.452062
-0.172486
0.0898689
0.135616
-0.161545
-0.0833197
0.516786
-0.588832
0.367822
-0.2587
-0.0443061
0.583636
-0.336637
0.0369836
-0.654589
1.1729
-0.242062
-0.558071
0.530328
-0.460519
0.257393
0.144371
-0.144754
-0.1536
0.0890631
0.144024
-0.757707
0.713237
-0.333747
0.3773
-0.273612
-0.27111
0.252485
0.410509
-0.267269
0.196388
-0.441279
-0.00276564
0.406384
-0.0272374
-0.190374
-0.0901589
0.635364
0.0562877
-0.453031
0.368777
-0.856683
0.3688
0.0292046
0.239077
-0.225215
0.0824803
-0.0797891
0.0946382
-1.10901
1.08216
-0.819089
0.372467
0.266214
-0.348697
0.661872
-0.513241
-0.0561607
0.869896
-0.374197
0.194555
-0.602414
0.29716
0.113418
-0.00766293
0.579426
-0.812652
-0.37339
0.0688485
0.421972
0.0110919
-0.105187
0.081613
0.157857
-0.742618
0.858719
-0.71492
0.220846
0.0175786
0.318047
-0.476977
0.608766
-0.0189729
0.0570286
0.062691
-0.014575
0.0852433
-0.1028
0.692819
-1.11758
0.204845
-0.190104
-0.111962
-0.0666215
-0.241997
0.302456
0.278183
-0.322551
0.375157
-0.219307
-0.133361
0.163098
-0.259425
0.0540367
0.405573
-0.257258
0.346953
-0.341722
0.449923
-0.884238
0.571366
0.163227
0.00100187
-0.374024
0.451803
-0.0973896
-0.0611561
-0.289212
0.677068
-0.577745
-0.049266
-0.182525
-0.461113
-0.164129
1.09254
-0.362993
0.568503
-1.10518
0.0885704
0.762158
-0.0679492
0.132424
0.456069
-0.165459
-0.201538
-0.186557
0.165311
0.0113548
-0.292901
0.0532455
0.24603
-0.460461
0.120647
0.2779
-0.136181
-0.416621
0.569835
-0.196486
0.829639
-0.680014
-0.756761
0.785578
-0.399553
0.44869
-0.176091
0.129995
0.28018
-0.609509
0.465602
-0.425708
0.571557
-0.437736
0.150557
-0.421992
0.38124
-0.167308
0.157802
0.302825
-0.391965
-0.155813
0.276037
-0.127456
-1.06933
1.25484
-0.479132
-0.159546
0.651511
-0.309441
0.175952
-0.0912942
-0.340978
0.402893
0.195184
-0.617783
1.3089
-0.615333
-0.479054
-0.11642
0.309969
-0.50246
0.308911
0.0338192
-0.074071
0.0572081
0.0976625
-0.184995
0.266568
-0.0815727
-0.344159
0.534931
0.336523
-0.393906
-0.108195
-0.201075
0.237837
-0.49031
0.549959
-0.411349
0.224325
-0.25374
0.0571758
-0.275671
0.30185
-0.0304492
0.585223
-0.459093
0.0881361
-0.13668
0.106828
-0.0380484
-0.0930836
0.463129
-0.559115
0.60129
-0.113091
0.221533
-0.696753
0.299762
0.299766
-0.273338
-0.199767
-0.0790042
0.105492
-0.33541
0.0128039
-0.112934
0.644929
0.154171
-0.216709
0.0425338
0.321034
-0.189529
-0.54481
0.356449
0.0593065
0.286869
-0.0377319
-0.166643
-0.495546
0.534145
0.191679
0.134174
-0.361044
-0.403129
0.0934149
0.494012
-0.770342
0.489391
-0.638426
0.132913
0.327372
0.194545
0.24661
-0.245184
-0.0595948
-0.966579
0.538476
0.200628
0.554134
-0.340739
0.0251072
-0.0159766
-0.241806
0.11038
0.024543
0.275352
0.432362
-1.04803
0.0613628
0.379125
0.193234
-0.297471
-0.665453
0.870861
0.102586
-0.477927
0.455748
-0.318169
-0.133044
0.251545
-0.18081
-0.770322
0.643472
-0.265188
0.788926
-0.35064
0.104813
0.118388
-0.215026
-0.295237
0.73235
-1.1353
0.353206
0.518907
0.5218
-0.669776
-0.488347
0.196284
1.04863
-0.402652
0.364864
-0.582
0.234128
-0.303998
0.119682
0.348918
-0.125532
-0.126565
-0.0469512
-0.167125
0.507645
-0.586105
0.412632
-0.488452
0.333901
-0.141488
0.314523
-0.144734
0.0284072
0.0127673
-0.710991
1.06341
0.351373
-0.565373
-0.692855
0.914484
0.0343042
-0.370181
-0.0110208
-0.0446183
0.22769
-0.373436
-0.0147445
-0.107634
0.655264
-0.288889
0.353303
-0.469051
-0.075017
-0.35122
1.0914
-0.710322
0.340649
-0.590478
0.466175
-0.322734
0.55401
-0.642615
0.155501
0.0348797
0.317391
-0.258086
-0.123842
0.27606
-0.97285
0.877685
-0.148407
0.0436714
0.329425
-0.601431
0.512987
0.199629
-0.487819
0.282752
-0.0877638
-0.346567
0.139765
0.0832449
-0.0490252
-0.476007
0.571899
-0.288835
0.299131
0.168579
-1.00967
0.240807
0.227995
0.799361
-0.685337
-0.11342
0.00404371
-0.2851
0.317566
-0.292296
0.558026
-0.13639
0.363382
-0.490746
0.540455
-0.503525
0.424853
-0.478181
0.102183
0.0208546
-0.0105524
0.0926103
0.0635083
0.171206
-0.8671
0.784531
-0.25693
0.359785
-0.223677
-0.166497
0.695502
0.0565842
-0.175622
-0.368245
-0.11416
0.521645
-0.127243
0.362648
-0.456638
-0.690372
0.426682
0.0213574
0.375575
-0.318692
0.845501
-1.12592
0.622364
-1.37048
-0.116663
0.985104
0.259637
-0.0729787
-0.257407
0.0589392
0.135636
0.086123
0.266337
-0.516158
0.273001
0.116139
-0.682613
0.280463
0.325883
0.142696
0.377753
-0.977268
0.314736
-0.0115126
0.0156721
-0.109862
0.240537
-1.10762
0.212429
0.431802
1.0727
-0.581757
-0.198477
-0.19727
0.679617
0.00528986
-0.00212367
-0.419432
-0.0684994
-0.377851
-0.33794
0.55004
-0.0555455
-0.204456
0.855296
0.00371989
-0.786324
-0.0351967
0.34721
-0.0181046
0.00635789
-0.297969
0.0170702
0.481133
-0.178983
-0.0212503
-0.0922494
0.0264369
0.208175
0.0617574
0.526144
-1.54752
1.17419
0.0476115
0.28358
-1.84091
1.10001
0.112864
-0.0346543
-0.312203
0.727629
-0.010806
-0.29856
0.0865085
-0.752111
0.0806996
0.6474
0.212107
-0.0263746
0.158889
-0.889845
0.161137
0.583183
0.0394367
-0.28889
0.227403
-0.0223481
0.172363
-0.704002
0.0488819
0.62482
-0.470462
-0.0132187
-0.71378
1.32746
-0.522624
0.525179
-0.484741
0.291485
-0.57321
0.267687
0.519775
-0.496407
0.0441884
0.188366
-0.581246
0.789634
-0.712485
0.421026
0.20679
0.176578
-1.06165
0.943342
-0.409369
0.536541
-0.369254
-0.286768
-0.905145
1.13632
-0.901685
1.06451
-0.660766
0.390166
-0.867168
0.770959
-0.0271948
0.1033
-0.390095
0.382225
-0.262644
0.997095
-0.260194
-0.0872614
-0.482755
0.277636
-0.362053
0.0251107
0.251156
0.0172383
-0.373047
0.392668
0.0282146
0.20151
-0.0541907
-0.077787
-0.361546
0.0501666
0.250863
-1.00085
0.817331
0.0610164
-0.512024
0.212141
-0.0667171
0.342541
0.517994
-0.311614
-0.45324
-0.154362
0.566399
-0.0569605
-0.20182
0.20573
-0.86576
0.28233
0.569081
-0.0501863
0.0162602
-0.0277148
-0.0370028
-0.56044
0.406534
0.0800927
0.20926
0.0932327
-0.153288
-0.0826833
0.107023
0.19104
-0.224544
-0.611898
0.350677
0.0702726
-0.610418
0.377229
0.36842
0.287935
-0.741534
-0.0619503
0.442318
-0.0534759
-0.148063
0.776038
-1.23497
0.503517
0.403188
-0.20667
0.335587
-0.315442
0.110435
-0.572255
-0.388706
0.563021
-0.167739
0.311393
0.172253
-0.118121
-0.219607
0.346062
-0.0753466
-0.0210957
-0.111344
0.563018
-0.64943
0.0954876
-0.239644
0.385181
-0.342423
0.691514
-0.18704
-0.209419
-0.714846
1.12254
-0.559766
0.392616
-0.230411
0.0455888
-0.234645
0.262056
-0.0320242
-0.0383098
-0.0309552
0.0324858
-0.316468
0.543329
0.142524
0.557741
-1.04608
0.673499
-0.832347
0.047378
-0.411875
0.734636
-1.35498
1.03652
0.623295
-0.645059
0.307797
-0.511917
-0.0494646
0.605821
0.0949647
-0.790706
0.0499021
0.534264
-0.101709
0.523675
-0.191102
-0.12893
-0.044803
0.207054
-1.09499
0.622049
0.110045
0.25871
-0.223046
-0.867032
1.39384
-0.733935
-0.185302
0.359475
-0.13789
0.485115
0.00405253
0.0681927
-0.19092
-0.0749835
-0.0222334
0.349431
-0.457164
-0.0561933
-0.253837
0.387746
-0.394415
-0.18553
0.261155
0.619057
-0.160052
-0.263337
0.401838
-0.0958938
-0.375878
0.00889877
-0.0492894
-0.185646
0.113507
0.648237
-0.610586
0.46314
-0.169258
-0.156196
0.442098
-0.556302
-0.00432566
0.0678803
-0.00500345
-0.406706
0.810531
-0.510864
-0.0843666
0.384232
0.14776
0.0298854
-0.303649
-0.0165086
-0.737331
0.98755
-0.600317
0.331778
0.0538047
0.39961
-0.289078
0.185976
-0.494562
0.414282
-0.0218773
0.272587
-0.463591
0.0346349
-0.242707
0.529102
-0.149949
0.864547
-1.01145
0.275024
-0.308268
-0.418502
0.0541295
0.0438945
-0.092743
0.469678
0.134699
-0.260913
-0.213724
0.373199
-0.727229
1.01916
-0.43187
0.522879
0.161679
-0.279905
-1.212
0.896988
-0.316947
0.871289
-0.699908
0.403006
-0.225154
-0.266341
-0.524271
1.17415
-0.435045
0.603944
-0.756647
-0.143601
0.543198
0.0934659
-0.336267
0.32409
0.0934217
-0.383986
-0.516823
0.646918
-0.252807
0.300001
-0.511369
0.782128
-0.276376
0.497905
-0.802472
1.20362
-0.79005
0.726564
-1.12241
1.0701
-0.513539
-0.205887
-0.479466
-0.0976498
-0.257875
0.255702
-0.0952657
1.32571
-0.205762
0.117894
-1.13963
0.55233
-0.377095
0.474562
-0.202638
0.0877326
-0.132485
0.292839
0.279914
-0.130061
-0.672423
0.0423682
0.46056
0.0508756
-0.419169
0.0243958
-0.218557
-0.217171
0.224309
-0.145864
0.185676
0.636522
-0.139808
-0.578068
-0.0161412
0.762241
-1.08039
0.824891
-0.048122
0.281297
-0.581291
0.70656
-0.47624
0.415944
-0.444524
0.248961
0.220386
-0.530476
0.257718
-0.889992
0.234406
0.411344
-0.402649
0.13029
0.213305
0.566429
-0.348332
-0.216804
0.112488
0.349359
-0.263327
-0.495647
-0.0800518
0.39033
0.134274
0.0399852
-0.0582412
-0.169943
-0.489713
1.02445
-0.636511
0.336999
-0.326135
0.283225
0.128936
0.0367228
-0.523416
-0.112111
0.458094
0.23793
-0.163017
-0.0424532
-0.148255
0.222648
-0.162155
-0.820889
0.585104
0.206136
0.178856
0.144025
-0.0684896
-0.0237589
0.168043
-0.0276259
-0.530411
-0.139458
-0.247656
0.705279
0.00265625
0.0935922
-0.303994
0.303994
-0.201135
0.152413
0.0917704
-0.299934
0.313275
-0.512982
-0.0780247
0.233918
-0.260496
0.234187
-0.446045
0.777038
-0.554148
0.528251
-0.252189
0.417725
-0.168667
-0.0312924
-0.961345
0.66352
-0.480036
0.748672
-0.454082
0.794879
-0.760753
-0.187767
0.153641
0.0359882
0.316004
-0.504962
-0.0953778
-0.129279
0.787366
0.534134
-0.591022
0.320374
-0.355863
0.884475
-0.782683
0.685166
-0.906112
0.0380624
-0.137974
-0.0237455
0.438767
-0.252359
-0.29981
0.108671
0.435484
0.116271
0.011323
0.204448
-1.00857
0.436033
0.033185
0.447461
-0.292992
0.0331426
-0.533603
0.177546
0.568665
0.219632
-0.525398
0.0451299
0.33414
0.495556
-1.07266
0.897747
-0.439333
-0.126438
-0.313986
0.128377
0.121328
0.399325
-0.32793
0.293275
-0.530498
0.514155
-0.143653
-0.307627
-0.0372062
0.287617
-0.237115
-0.552284
0.185982
0.913079
-0.619535
0.297618
-0.487077
0.411689
-0.365521
0.623085
-1.14866
0.957518
-0.0695812
-0.0670368
-0.0687949
0.601139
-0.514142
-0.481046
0.311577
-0.275915
0.447077
-0.0352838
-0.286451
0.500378
-0.259893
0.0734042
-0.209913
0.151782
-0.432298
0.153698
0.0143001
0.254216
0.0125193
0.437018
-0.922526
0.105215
0.285439
0.0748054
-0.264046
0.291982
-0.0739261
0.358842
-0.273321
0.194619
-0.0498174
-0.0973377
-0.616631
0.30574
0.262917
0.355898
-0.262925
-0.214967
-0.28112
0.220439
0.243961
-0.395937
-0.590937
0.911036
0.0301395
-0.0984941
0.0778341
-0.341229
0.00392608
0.437885
0.229116
0.297809
-0.496643
0.0166789
0.158051
-0.390122
-0.386327
0.0618593
0.272854
-0.284306
-0.289676
0.615338
0.216208
-0.245224
-0.0394921
0.0858822
-0.510159
1.04257
-0.800799
0.452146
-0.775134
0.3871
-0.057926
-0.239662
0.932219
0.103497
-0.388901
0.0485821
-0.896867
0.846521
-0.169388
-0.115195
0.519338
-0.159313
-0.170941
-0.237757
0.185873
0.591734
-0.867374
0.363348
-0.207813
-0.00878662
0.171918
0.346224
-0.785598
0.371572
0.233182
-0.327558
0.138382
0.517379
-0.640896
0.363507
-0.199732
-0.0376287
-0.137503
0.218976
-0.546862
0.00332446
0.0312872
0.386914
-0.41332
-0.0856274
0.113503
0.0796722
-0.116656
0.390272
-0.438022
0.836701
-0.243302
-0.263002
-0.253123
0.254855
-0.0279926
0.174873
-0.127365
0.533905
-0.513788
-0.140343
-0.238891
0.534452
0.00181526
0.252462
-0.544997
1.14543
-1.41771
0.387355
0.147157
-0.541394
0.848403
-0.73746
0.36484
0.381307
-0.166331
0.114302
-0.386585
-0.0834741
0.868389
-0.64159
-0.0127034
0.123502
-0.423884
0.0230849
0.368205
-0.807061
0.376131
0.0164891
0.209855
0.468893
-0.598869
0.252816
-0.0683931
-0.0507757
-0.303203
0.117173
0.248255
0.0477818
-0.393427
0.269569
-0.16823
-0.462709
0.55138
0.422112
-0.494621
-0.165207
-0.281444
0.449635
-0.316413
0.453652
-0.339108
0.606422
0.207288
-0.173256
-1.69926
0.68551
0.374891
0.601915
-0.505404
0.353181
-0.423662
-0.181454
0.19476
0.291284
-0.54897
0.774565
0.117512
-0.390757
0.27168
-0.34483
-0.252254
0.865038
-0.381015
0.0320612
-0.125586
0.322252
-0.688932
-0.0611452
0.340469
0.0372836
-0.342134
0.189748
0.171848
0.016286
-0.0114335
-0.0432187
-0.0154589
0.281748
0.0890802
-0.56073
0.480403
0.0625482
0.177897
-0.434036
-0.286123
-0.341482
-0.0664755
0.860945
0.241695
-0.650645
-0.341172
1.64932
-0.206054
-0.821368
0.457547
-0.310836
-0.0970121
0.425969
-0.455551
0.296101
-0.114639
-0.499504
-0.165138
0.449445
-0.0884312
0.00842751
-0.177263
0.499336
0.213712
-0.415128
-0.146294
0.192439
-0.609323
0.146064
0.231949
-0.0483047
0.39828
-0.416452
0.303424
-0.369905
0.42226
-0.304463
-0.246444
-0.464523
0.0526282
0.635501
0.139231
0.157648
-0.0567277
0.183199
-0.432749
0.513531
-0.245462
0.280903
-0.614913
0.576523
-0.771113
0.28025
-0.252362
0.378093
0.266902
-0.210086
0.0751533
-0.0278676
-0.00719181
0.130255
-0.397726
0.34208
-0.315377
-0.279807
0.41055
0.124939
-0.12678
0.321729
0.0333724
-0.23443
0.0960011
-0.209571
-0.0937229
0.415475
-0.795331
0.66536
0.0984864
0.530024
-1.00021
0.416003
-0.139179
0.172603
-0.120135
-0.551716
0.682402
-0.0669468
-0.116206
-0.17842
0.233973
0.051595
-0.802444
0.965534
0.016251
-0.332596
0.0117048
-0.151944
0.364193
-0.115608
-0.0500033
-0.165694
-0.130506
1.06212
-1.39701
0.771648
-0.351136
0.405273
-0.162296
-0.290112
0.595912
-0.178988
-0.443513
-0.0262311
0.415522
-0.259331
-0.0447463
0.358877
0.16637
-0.882573
0.143446
0.875525
-0.727724
-0.201695
0.422386
-0.646007
0.0418746
1.20547
0.114955
-0.857802
-0.108187
0.622883
0.370258
-0.66915
0.166131
-0.203097
-0.154981
-0.421746
0.222406
0.86287
-0.580585
-0.193099
-0.743867
0.466794
0.0281191
0.537964
-0.106781
-0.189018
0.416323
-0.0813719
-0.0669468
-0.00311047
-0.0962121
-0.170572
0.000629246
0.267707
0.0239782
-0.283207
0.265889
0.614881
-0.45715
0.256296
-0.378672
0.179315
-0.353977
0.304481
-0.318019
-0.239213
0.238658
-0.288653
-0.142382
0.77518
-0.306508
0.155421
-0.385122
-0.148565
0.807067
-0.607305
-0.693157
0.626038
0.832234
-0.621188
0.211727
-0.183754
-0.588521
0.345569
0.247444
0.0390215
0.259308
-0.479904
0.389503
-0.030028
0.0208947
0.0174712
-0.313718
0.318699
-0.220343
0.34813
-0.310999
0.890783
-0.499525
-0.434081
-0.324213
0.703651
-0.518795
0.953164
-1.20291
0.767113
-0.300674
0.243483
0.346303
-0.343176
-0.000627126
0.243038
-0.696109
0.648382
-0.340453
0.398164
-0.710268
0.547471
-0.362432
0.519654
-0.649007
0.136783
-0.22834
0.991427
-0.963573
0.424611
-1.17019
0.896241
0.686989
-0.575408
0.0757394
-0.395784
0.127263
-0.0334424
-0.165865
0.279598
-0.0382681
0.0304591
-0.131512
0.245187
-0.182362
0.34344
-0.118446
0.563703
-0.938692
-0.184171
0.329868
0.745679
-0.418194
0.0873879
-0.562544
0.841886
-0.233149
-0.432198
0.0144915
0.124013
0.298816
-0.384484
0.00704193
0.536571
-0.412352
0.516219
-0.426137
0.49466
-1.29096
0.935113
-0.512953
0.212968
-0.0418681
0.237764
0.305987
-0.625512
-0.0471984
-0.48659
0.476354
0.209906
-0.0316251
-0.599975
0.622745
0.873785
-1.39696
0.963875
-1.65831
1.3897
-0.587571
0.796055
-0.160308
-0.097395
-0.0859147
0.385976
-0.47583
0.628389
-0.203604
0.491104
-0.880182
-0.131386
-0.411125
0.841789
-0.400311
0.424765
-0.0230526
-0.132589
-0.120652
0.246972
-0.333338
0.307824
0.19203
0.053952
-0.301604
0.297033
-0.42993
0.225952
-0.740169
1.17986
-0.498124
0.0203513
-0.563086
0.0708221
-0.231139
-0.112957
0.476932
0.149327
-0.219111
-0.210406
0.930989
-0.362668
-0.674887
-0.056544
0.0996103
-0.210506
0.868517
-0.219613
0.00391095
0.156538
-0.0334996
-0.0563888
0.106062
-0.848276
0.581809
0.713306
-0.353503
-0.214538
0.03169
0.0723148
-0.813934
0.184165
0.867223
-0.240509
0.267832
-0.885219
0.326365
-0.39768
-0.0812543
0.80261
-0.996099
0.706991
0.114844
0.087313
-0.467158
0.0929577
0.00956216
0.603222
-0.633829
0.185565
-0.0173307
0.0857073
0.127642
-0.0884105
-0.151205
-0.218286
-0.0822441
0.748188
0.117531
-0.354523
-0.607906
1.03091
-1.16996
0.501488
0.0467067
0.129846
-0.605424
0.803901
-0.194301
0.05194
-0.438257
0.672227
-0.531439
1.11954
-0.872613
0.902389
-0.734464
0.253623
-0.455283
0.667064
-0.639251
0.39278
-0.465277
0.807529
-1.28999
0.988956
-0.675008
0.29082
0.622319
-0.937852
0.395414
0.0493486
-0.239063
-0.536204
0.422099
-0.277703
0.814874
-0.285177
-0.139993
0.0468252
0.172929
0.0946771
-0.38742
0.683529
-0.240057
0.0835674
-0.99364
0.207737
0.227331
0.13689
-0.119819
0.370272
-0.271888
0.551044
-0.09931
-0.410464
0.0448565
-0.169795
0.184674
-0.302773
-0.250131
0.347186
-0.0255748
0.147863
0.515259
-0.395415
-0.876494
0.811178
-0.0570832
-0.454465
0.904434
-0.605857
-0.0556507
0.474197
-0.688468
-0.409397
0.433463
0.96485
-0.721875
0.466861
-0.541006
0.302522
-0.542678
0.610934
-0.777276
1.33175
-0.616705
-0.110196
-0.209744
0.562883
-0.693767
0.888832
0.00208296
-0.594424
-0.284241
0.779257
-0.654594
0.252193
-0.251272
0.728723
-0.0485124
-0.340654
-0.310199
0.112368
0.663423
-0.265483
-0.122216
-0.231384
-0.0946976
0.0330781
-0.0394018
1.18333
-0.739429
-0.172127
-0.606647
-0.198654
0.194321
0.374945
-0.0255263
-0.0423932
0.52274
0.370063
-0.709257
0.0288979
0.183627
0.0900969
-0.470265
0.345326
0.0687841
-0.490729
-0.227532
0.147567
-0.0671188
0.218977
-0.109002
0.555008
-0.347919
-0.404952
0.561156
-0.115534
-0.0284512
-0.0230606
0.160572
0.387299
-0.759146
0.0247763
0.214823
-0.139265
-0.23801
0.759609
-0.0229146
-0.431671
-0.0340353
0.462529
0.093599
-0.99399
0.610584
-0.926755
0.453221
-0.221456
0.877626
0.662461
-0.9435
-0.407418
0.199302
-0.110426
0.207416
-0.0695171
0.543044
-0.80298
0.617448
0.302589
-0.407825
0.109537
-0.0350945
0.370887
-0.301456
0.0894247
-0.0707379
-0.226618
-0.0726317
0.0480425
0.553127
-0.395083
-0.608374
0.136541
0.313292
0.25215
-0.437592
0.687914
-0.233093
-0.313791
-0.529254
-0.131086
0.519472
0.140194
0.267183
0.0987806
-0.125719
0.561164
-0.40693
0.10096
-0.245337
0.301429
-0.615617
0.347325
0.271497
0.467576
-1.03816
0.360476
-0.468442
0.35595
-0.256546
-0.216088
0.0772268
0.648999
-0.401629
0.231757
-0.226005
0.0618298
0.0285802
-0.802899
0.226363
0.679516
0.104618
0.593922
-0.461061
-0.534183
-0.0512008
0.144162
0.173809
0.371068
-0.607455
0.256533
0.00764173
-0.0277877
-0.140525
0.130988
-0.616744
0.712183
0.0769348
0.0258908
-0.076068
0.372163
-0.302255
-0.315468
0.64298
-0.211852
-1.00768
0.656559
0.265858
0.0551894
-0.490086
0.738559
-0.231767
-0.036367
-0.305633
0.556937
-0.138995
0.0112082
-1.16974
0.365127
0.504053
-0.0710544
-0.198555
-0.27412
0.153916
0.608673
-0.850993
0.962046
-0.263517
0.175815
-0.879615
0.524227
0.30617
-0.160042
-0.519287
0.531726
0.152804
-0.254108
-0.106872
-0.152453
0.366452
-0.00371422
-0.134346
0.475187
-0.741939
0.282547
-0.38933
0.366612
-0.00152383
-0.0964534
0.353402
0.462261
-0.0471498
-0.105755
-0.548845
-0.0121025
-0.119125
0.134406
0.0280021
-0.031972
-0.20991
1.07772
-1.71958
0.686476
0.191346
0.000840067
-0.206531
0.0909411
0.0310462
-0.0172994
-0.0630338
-0.102965
-0.221849
0.623549
-0.648675
0.108466
-0.094893
0.371705
0.0388108
0.141513
-0.223923
0.182487
-0.461375
0.109335
0.048226
0.308564
0.157391
-0.787004
0.20359
0.619843
-1.22973
0.838078
0.0308099
-0.375679
0.766727
0.307627
-0.524206
0.0344676
0.000957656
0.0545814
0.0251754
-0.00458363
0.0846874
-1.40067
1.27522
-0.668896
0.667342
-0.546425
-0.0306288
-0.440178
0.254518
1.21278
-0.682938
-0.863745
1.24858
0.323615
-0.454384
-0.351216
-0.254089
0.607482
-0.219661
1.07525
-1.3668
0.0166233
-0.127595
0.46089
-0.00300035
-0.139185
0.331652
-0.154203
0.0650462
0.656544
-0.888885
0.292234
-0.132224
0.432167
-0.630428
0.302558
0.019839
-0.0976572
0.243572
-0.337571
0.284843
-0.683744
-0.100325
0.551367
-0.406153
0.525319
-0.17677
0.116871
-0.560989
0.633823
0.0407106
-0.0745425
-1.14299
1.30546
-0.172071
0.73823
-0.716803
0.0981598
0.0461749
0.0192102
-0.221849
-0.0962985
0.0729323
-0.305761
0.162597
-0.515529
0.834784
-0.657466
0.132421
0.140717
-0.533028
0.65865
-0.333471
0.451848
-0.499016
0.19911
0.220126
0.421753
-0.432824
-0.0642318
0.0664234
-0.172414
-0.557232
0.853853
-0.237079
0.271556
-0.178722
0.430421
-0.382013
-0.246542
0.118196
-0.081695
0.33511
-0.480411
0.505081
-0.127278
0.248736
-0.229804
0.04528
-0.0250356
-0.380286
0.122817
0.01857
-0.355548
0.345275
-0.118933
0.190515
0.333008
-0.578561
-0.0241429
0.160452
-0.432036
0.618729
-0.015462
-0.18158
0.386391
-0.335579
0.0511845
0.248315
-0.14787
-0.181014
0.0581625
-0.0540846
0.392432
-0.467902
-0.143283
0.283616
0.51695
-0.906413
-0.10762
0.601615
0.319947
-0.427824
-0.293467
-0.136269
0.571279
0.132571
-0.274668
-0.361149
0.70346
0.0838419
-0.827079
0.446806
0.0565413
-0.157806
0.0222892
0.162681
0.0888562
0.0870483
-0.00390503
-0.249808
0.427011
-0.482929
0.361975
0.287953
0.459098
-0.599404
0.419796
-0.243705
-0.00922663
-0.0141142
-0.602375
-0.0167057
0.261878
-0.530139
0.206944
-0.203823
0.293676
0.158622
0.137894
-0.300388
0.189962
0.190506
-0.715023
0.798079
-0.00924067
0.145215
-0.874038
-0.0268107
0.485385
-0.341753
-0.0451539
-0.152439
0.136623
0.210102
0.10174
0.15587
-0.00846604
-0.564576
0.0301155
0.454535
0.298249
-0.347434
0.127437
-0.381601
0.293238
-0.149232
-0.0402783
-0.344845
0.287698
-0.468367
0.253944
0.353402
0.471136
-0.304686
-1.07535
0.292543
0.905153
-0.43543
-0.198359
0.550036
-0.430141
0.261696
-0.461413
0.133283
0.138869
-0.407171
0.892095
-0.529007
-0.575396
0.520429
-0.26857
0.152053
0.491635
0.192409
0.182372
-0.319071
-0.220991
-0.323612
0.00476321
0.160388
0.22702
0.310944
-0.273567
0.186487
0.0623422
-0.418713
0.13025
0.136852
-0.390371
-0.0728242
0.0566042
0.543162
-0.588113
0.242629
-0.161116
0.211951
0.957829
-0.413225
-0.485795
0.173645
-0.122032
0.286983
-0.162504
-0.130425
-0.272395
0.0330067
-0.184474
0.564214
-0.112686
-0.162485
-0.261846
0.155188
0.129917
-0.224162
0.0952879
-0.448518
0.369903
0.569533
-0.226194
-0.948655
0.627214
0.126239
0.668496
0.016006
-0.0258928
-0.462927
-0.528754
0.19108
0.82947
-0.761675
0.334588
-0.388231
0.401839
-0.204336
-0.194065
-0.35941
0.0947275
-0.200776
0.673416
-0.676087
0.454759
-0.0939541
0.205272
0.0598911
-0.088082
-0.182085
-0.0730971
0.196144
0.176918
-0.173602
0.471453
-0.221285
0.531564
-0.261145
0.0268219
-0.290851
0.121519
-0.0338441
-0.403886
0.215541
0.201135
-0.481962
0.36881
-0.330826
-0.596971
0.159553
0.476695
-0.0549461
0.838024
-0.0864446
-0.240914
-0.477324
0.533755
-0.17028
0.421005
-0.333699
0.676122
-0.73888
-0.0356373
-0.402478
0.259884
-0.222571
0.344237
-0.113375
-0.911053
-0.302957
0.965978
-0.0210452
-0.0961164
0.578313
-0.670839
0.426085
1.05115
-1.74436
0.23043
0.0426817
0.143062
0.690015
-0.436909
0.118892
0.377508
-0.0311935
-0.557972
-0.75111
0.466077
0.120436
0.276026
-0.0575304
-0.156623
0.20232
0.453247
-0.606709
0.263592
0.183482
-0.439226
-0.248658
0.63896
-0.013969
0.297481
-0.422674
0.216036
-0.130705
-0.303577
-0.292991
0.850542
-0.862488
0.32021
-0.144348
0.234672
-0.19707
0.69192
-0.747333
-0.320034
0.380148
0.435333
-0.556188
-0.190359
0.721038
-0.307778
-0.379673
0.539799
-0.0480681
-0.259823
-0.194636
0.210052
0.573239
-0.664933
-0.346787
0.638496
0.194065
0.00793657
-0.0250707
0.0923143
-0.151878
-0.339047
0.0402201
0.564026
-0.407016
0.244162
-0.286658
-0.436996
0.681714
0.0832401
-0.607631
0.346899
0.339913
0.232165
-0.400023
0.901845
-1.07918
-0.0667099
-0.134256
-0.0616723
0.854865
-0.747763
0.422571
-0.0441707
-0.396183
-0.254097
0.414891
0.029714
0.101897
-0.0205832
0.104956
0.1082
-0.633719
0.513333
0.0334409
0.801478
-1.28275
0.287768
-0.689001
0.656138
0.497403
-0.210454
-1.08614
1.40623
0.106765
-0.275368
-0.253169
-0.260396
0.240211
-0.35809
0.291086
0.132478
0.509666
-1.20127
0.806066
-0.516868
0.117347
0.485454
-0.224513
-0.248131
0.392844
-0.371843
0.26746
0.00292456
0.0934999
-0.365457
-0.536495
0.951363
-0.701275
0.819247
-0.682984
0.715375
-0.0242895
-0.796679
0.0871179
-0.73633
0.983242
0.143817
-0.138144
-0.696616
1.04203
-0.713482
-0.0646689
-0.224371
0.931977
-0.431607
0.583872
-0.306509
-0.00208899
0.272013
-0.76065
0.464323
-0.829275
0.865847
0.182788
-0.342423
-0.113509
0.233431
-0.155801
-0.311294
0.0177065
0.51244
-0.464732
0.370362
-0.169858
0.440998
-0.513397
-0.200668
-0.344827
0.474341
0.478894
0.506324
-1.17472
0.07522
0.756923
0.129364
-0.523402
-0.18345
0.383388
-0.427519
-0.10867
-0.0584796
0.436844
0.154853
0.210483
-0.528214
0.456034
-0.153338
-0.358127
-0.0455903
0.359775
0.854241
-0.611957
-0.493372
0.0687227
0.533579
-0.380775
-0.27597
-0.295235
0.693602
0.00916609
-0.273183
0.120411
0.017601
0.23454
-0.828237
-0.125015
0.753607
-0.118182
-0.0882571
0.0471042
0.186557
-0.59369
0.667835
-0.155775
-0.0654176
-0.14655
0.355356
-0.266224
-0.289075
0.404718
-0.891873
0.723737
-0.155564
-0.551436
1.15815
-0.274296
-0.885605
0.327116
0.529957
0.0289143
-0.00797591
0.0460085
-0.282219
0.0718165
0.118035
-0.0507013
0.234987
0.104735
0.0140431
-0.659287
0.815453
-0.822983
0.0339334
0.335265
0.100521
-0.119946
-0.163239
-0.354102
0.190098
0.665883
0.538391
-1.66394
0.979009
-0.0135493
-0.138078
-0.0207097
-0.230267
0.0955003
0.224285
-0.675961
0.71748
-0.501893
0.471467
-0.576931
-0.464344
0.727051
0.889879
-0.747258
-0.221558
0.455308
0.00149844
-0.572025
0.882156
-1.31053
1.37782
-0.547802
-0.228556
0.121557
0.324922
0.237767
-0.303916
-0.509591
0.41441
-0.540201
-0.403038
0.92514
0.708679
-1.17293
0.102012
0.0699777
0.0120353
0.437352
-0.193587
0.135595
-0.512597
0.0293325
0.170109
0.422299
-0.272683
0.197798
-0.20818
0.217826
-0.57533
0.359998
-0.250697
-0.169607
0.171189
0.452298
-0.0833214
-0.647405
0.678134
-0.230865
0.188749
-0.319497
0.727384
-0.752965
0.151162
-0.0297749
-0.0367682
0.0489272
-0.0467182
-0.00768295
0.02301
0.00717094
0.252946
0.161514
-0.00301808
-0.591095
0.395786
-0.272899
0.0721973
-0.0672574
-0.0549539
0.226617
-0.28745
0.316361
0.24386
-1.05617
1.64798
-1.13291
0.34806
-0.396905
0.536873
-0.516098
0.333597
-0.0478286
-0.328205
-0.165492
0.652732
-0.181251
0.169305
0.136308
0.373581
-0.765956
-0.169902
0.256094
0.0545094
-0.0493563
0.178836
-0.527032
0.509564
-0.0935564
-0.1442
0.113654
0.0630419
-0.158443
0.0198436
0.220182
-0.0460638
-0.791336
0.713009
-0.670788
0.834083
0.100878
-0.138467
-0.0651237
0.085348
-0.334232
0.352556
0.255945
-0.332318
-0.52074
1.28894
-0.536586
-0.80573
0.674152
0.0979247
-0.289448
-0.178908
0.321593
0.180415
-0.262305
0.178347
-0.262315
0.29703
-0.263965
0.498661
-0.202935
-0.680664
0.432479
0.150091
-0.044441
-0.128484
0.267083
0.171544
-0.309668
-0.257064
0.278491
0.564771
-0.808806
0.391163
-1.03543
1.2161
-0.444037
0.118243
-0.357829
0.76643
-1.3649
1.46568
-0.538476
-0.110393
0.120836
-0.0381487
-0.197134
0.47796
-0.897489
0.450211
-0.070701
-0.39651
0.303286
0.598782
-0.124735
-0.246958
-0.428088
0.345567
0.664252
-0.355699
-0.505369
-0.597846
0.922864
-0.00115452
-0.008374
-0.0669468
-0.0505777
-0.020504
-0.117328
-0.436161
0.439314
0.327333
0.0870506
-0.412269
0.343526
-0.152887
0.387706
-0.873614
0.276195
0.374448
-0.291559
-0.250031
0.262736
0.159841
-0.185605
0.545619
-0.510659
0.35777
-0.246221
-0.139061
-0.274421
0.701684
0.156758
-0.441609
0.0738983
0.0547566
-0.125617
-0.0354391
-0.113391
0.229776
0.082459
0.252518
-0.289854
-0.265909
0.00742823
0.173229
-0.314044
-0.407336
1.06336
-0.789188
0.444984
0.133791
0.575672
-0.174191
-0.218022
-0.532608
0.0255405
-0.166092
-0.433028
0.668465
0.31471
-0.364488
0.130647
-0.313194
0.236838
-0.458983
-0.28528
0.0538233
0.305038
0.458725
-0.223323
0.377171
0.01311
-0.344167
0.190499
0.0521486
-0.18472
0.209199
-0.579175
0.746885
-0.692976
0.608763
-0.125938
0.0983163
0.138127
-0.187345
-0.433037
0.0267932
-0.198011
0.393273
-0.0252961
0.484482
-0.0698009
-0.0579129
-0.276272
-0.602426
0.361443
0.175587
-0.108836
0.691197
-0.911553
0.353276
0.890235
-0.865301
0.387491
-0.155177
-0.0156051
0.0439549
-0.292728
-0.0274062
0.305479
-0.100276
0.156992
0.0114748
-0.110306
0.126294
-0.301633
-0.117497
0.39909
-0.0840497
-0.242427
-0.0557455
0.233879
0.151234
0.424233
0.121869
-0.539088
-0.261255
0.0810581
-0.13901
0.387333
-0.298957
0.0122938
-0.0563858
0.157862
-0.30795
-0.0623988
0.655039
0.0714488
-0.275244
-0.173735
0.0235215
0.240933
-0.4426
0.167378
-0.159346
-0.0578691
0.525034
-0.192348
0.417571
0.106388
-0.612369
0.137313
-0.247379
0.0382414
0.135077
-0.264153
-0.103886
0.425346
-0.800714
0.383677
-0.0668379
0.757874
-0.726179
-0.260901
0.366917
-0.8495
0.700974
0.0717832
0.766827
-0.89714
0.421855
0.0494536
-0.239785
0.599456
-0.245191
-0.324285
0.0441492
-0.264775
0.216826
0.386614
-0.721007
0.081171
0.515204
0.533142
-0.43876
-0.0716683
-0.133596
-0.184813
0.0392975
0.124258
-0.0539774
0.321319
0.035392
-0.0193646
-0.45018
-0.439564
0.424093
-0.0351917
0.409851
0.246361
0.0842542
-0.634548
0.285273
-0.399358
0.913531
-0.411645
-0.405329
-0.111859
0.241284
0.167832
0.516415
-0.0916137
-1.65404
1.28303
-0.107883
-0.319854
-0.296881
0.717309
-0.238152
-0.282603
0.349711
0.0176504
0.244214
-0.30206
-0.0291626
0.323728
-0.388794
0.477673
-0.232006
-0.652997
0.0252367
0.701726
0.439621
-0.813644
-0.337884
0.435769
0.0985141
-0.421256
0.253275
0.0509576
-0.000292144
-0.256472
-0.140825
0.110215
-0.469055
0.811839
0.0983234
0.0401038
0.313539
-0.513759
-0.314638
0.525024
-0.265488
-0.0020247
0.139314
0.390351
-0.602487
0.146085
0.594064
-0.537649
0.298316
-1.00081
0.930399
-0.480369
0.510743
-0.532639
-0.241692
0.548185
-0.0478415
-0.125922
-0.0483047
0.0993344
0.464059
-1.07127
0.615015
-0.0473858
-0.328396
0.0558996
0.342396
-0.611075
-0.0827092
0.102371
1.04998
-1.12064
0.74399
-0.0464366
0.0411034
-0.197578
0.12367
0.379556
0.531051
-1.15044
0.0463108
0.140024
0.118313
0.103887
-0.341102
-0.289145
0.306314
0.26831
0.393324
-0.0769434
0.473928
-1.2926
0.0659545
-0.339296
1.41608
-0.575493
-0.18366
-0.460629
1.45945
-0.792581
-0.390496
0.309191
-0.216401
-0.083254
-0.245029
0.51695
-0.389917
0.622321
-0.092488
0.256188
-0.0770381
-0.592753
-0.157676
0.155916
0.418934
0.118836
-0.818318
0.878141
-0.435522
0.622966
-0.499536
0.358538
0.465245
-0.643909
-0.35984
0.18299
0.153549
-0.270835
0.839632
-0.522078
0.0869497
0.281629
-0.57674
-0.387231
0.490142
0.158287
-0.224289
-0.163892
-0.0697183
-0.0758533
0.708825
-0.399767
0.243443
-0.814222
0.914337
-0.939601
0.427581
0.313862
-0.183019
-0.69306
0.486948
0.42759
0.503914
-0.727615
-0.274354
0.0748794
-0.166331
-0.114017
1.03399
0.0217192
-0.226831
-0.011408
-0.233278
0.565998
-1.21628
0.311675
-0.290228
-0.182198
1.18121
-0.420283
-0.0958198
0.338544
0.582723
-0.461915
-0.723234
0.782195
-0.325268
-0.22974
0.0414235
-0.298305
-0.10214
0.613
-0.936401
0.625242
-0.217771
1.17039
-0.382631
-0.81012
0.141545
0.385505
-0.875445
0.608458
0.992418
-0.800312
0.0504367
0.156248
-0.361543
0.4232
-0.266574
-0.209455
0.999727
-1.83339
0.63737
0.321142
0.0106965
-0.151641
0.397677
-0.241909
-0.0996159
0.100748
0.100325
0.0125611
-0.164836
-0.0687158
-0.636778
0.787974
0.319672
-0.739978
0.34595
-0.526587
0.424717
-0.652521
0.586696
0.367667
0.389627
-0.393401
0.0220222
-0.607532
0.446183
-0.24653
0.429887
-0.181797
-0.22775
0.463905
-0.356278
0.200636
-0.115064
0.418453
-0.402645
0.0537341
0.167491
-0.0668578
0.144422
-0.354576
0.509585
-0.165314
0.196191
-0.950416
0.619042
-0.188868
-0.746868
0.463797
0.0107373
-0.702676
0.542281
0.534059
0.0391768
-0.140852
0.0866909
-0.151861
0.0603716
0.433072
-0.694512
-0.15085
0.415713
-0.579856
0.863377
0.0357533
-1.36406
1.17248
0.294623
0.0320449
-1.20019
1.10406
-0.386824
-0.116657
0.622709
-0.442044
-0.0986214
0.0181994
-0.326739
0.461917
-0.249454
0.0780398
-0.344129
0.818693
-0.470556
-0.0130327
0.641781
-0.467222
0.300613
-0.269934
-0.429869
0.661528
-1.17267
0.829137
0.328528
0.223573
-0.541239
-0.508926
0.621735
-0.416492
0.321796
-0.00147723
-0.0484405
0.565703
-1.01314
0.528804
-0.248458
0.624868
0.404134
-0.653479
0.0309158
0.231882
-0.927981
0.246537
-0.0290817
0.230487
0.243604
0.262581
-0.675547
0.288735
0.16892
-0.2857
0.314902
-1.08667
0.214435
0.478204
-0.186355
0.0667998
0.0351223
0.169451
0.682165
-1.11284
1.04817
-0.805069
-0.601364
0.543559
0.553726
-0.510644
-0.140777
0.152303
-0.300924
0.412411
-0.379204
0.148981
0.241345
0.195973
-0.0543837
-0.0789861
0.544556
-0.812826
0.452736
-0.168902
0.00338498
0.0409511
-0.113972
0.256826
-0.454763
-0.324684
-0.328509
0.7249
0.162454
0.139867
0.233345
-1.06836
1.18142
-0.347695
-0.0370362
0.0201846
-0.463551
0.323486
-0.0258533
-0.168505
0.256345
-0.0383061
0.0338412
0.245007
-0.425518
-0.475766
0.422963
0.605871
-0.780695
-0.0326517
0.394794
-0.075942
-0.256504
-0.0464574
0.205793
0.309572
-0.156582
-0.765648
0.232705
0.606643
-0.270794
0.514266
-0.0758182
-0.0315631
-1.08999
0.58448
0.740883
-0.180162
-0.141239
-0.122591
0.406408
-0.522654
0.64188
-0.976683
-0.239723
0.31517
-0.00663998
0.465324
0.135152
-0.494597
0.134119
0.466853
-0.22445
-0.332817
0.224209
0.144918
0.324198
-1.28298
0.955174
-0.0557889
0.0412521
-0.0658414
-0.166241
0.280251
0.241422
-0.491677
-0.10279
0.0321847
0.0919888
0.0934829
0.0977801
-0.642209
0.899943
-0.433957
-0.24024
0.124029
0.796082
-0.637792
0.101366
-0.0765423
-0.214273
0.283173
-0.200407
0.116383
-0.204009
-0.212266
0.934521
-0.533722
0.451772
-0.2642
0.139464
-0.810706
0.740033
-0.389472
0.569725
-0.374755
-0.6687
1.13569
-0.255057
-0.406688
0.455691
-0.233278
0.380493
-0.920819
0.191288
0.216932
-0.68908
0.812461
0.0647068
-0.0431027
0.189552
-0.573019
0.790025
-0.432289
0.162945
0.107369
-0.515742
0.387942
-0.112039
-0.126222
0.320111
-0.150694
0.015269
0.0626975
0.248532
-0.656354
0.251419
-0.155646
0.978315
-0.994338
0.93159
-1.16411
1.13584
-0.622118
0.514395
-0.571842
0.880051
-0.98707
0.232212
0.0322238
-0.613959
0.389813
0.384884
0.242443
-0.956089
0.394347
-0.0838505
-0.0455378
0.242191
-0.22372
0.337614
-0.272873
0.32531
-0.736795
0.939758
-0.666856
0.804294
-0.913272
1.26824
-0.935499
0.884745
-0.40428
-0.0598761
-0.748462
0.265892
-0.498946
0.391409
-0.394374
-0.410818
-0.0614648
1.0263
-0.286335
0.591865
-0.191709
0.849885
-1.09691
1.06795
-0.852047
0.866287
-1.16361
1.0696
-0.955536
0.982594
-0.960403
0.954243
-1.70853
0.894675
-0.460857
0.726295
0.0249254
-0.185158
-0.0715372
0.398448
-0.259066
-0.132736
0.0410322
0.0329258
-0.0624735
0.735366
-1.6655
1.66839
-1.43669
1.29472
-1.16324
1.24325
-0.450374
-0.110921
-0.374428
0.239776
-1.37017
1.1646
-0.477331
0.61733
-0.691428
0.61145
0.422487
-0.130405
0.051064
-0.155141
0.0786241
-0.343636
-0.0643431
0.0810132
-0.117079
0.518971
-0.350503
0.321335
-0.0937808
0.297456
-0.402661
0.0434163
-0.583374
1.19223
-0.953774
-0.493384
0.344385
0.753883
-0.147475
0.150316
0.06442
0.283742
-0.185176
-0.841925
0.429299
-0.332488
0.162501
0.26663
-0.715489
0.042823
0.237116
-0.104105
0.424173
-0.0840195
-0.635163
0.452232
-0.150811
-0.186597
0.244058
0.254871
-0.465036
0.513435
-0.410947
0.190899
-0.437583
0.510798
-0.3509
0.598364
-0.273869
0.118853
-0.0493878
0.2441
-0.576835
0.478933
-0.48772
0.305239
0.0720186
-0.627326
0.642168
0.213194
-0.652707
0.401129
-0.144149
0.417014
-0.682999
0.238675
-0.74378
0.18947
0.887902
-0.0924491
-0.513032
0.423443
-0.281488
0.281141
-0.269352
0.249338
-0.138483
0.0182111
0.268594
-0.373473
0.315889
-0.617018
0.238547
0.351926
-0.627438
-0.0158396
0.577101
0.0261846
0.182981
0.20594
-0.368834
0.136471
-0.526931
-0.136111
0.584615
-0.0539873
-0.288817
0.918412
-0.440909
0.129733
-0.224923
-0.326032
0.0715264
0.035701
0.0149722
0.506244
-0.697862
1.19479
-1.63124
0.951208
-0.358189
0.272803
-0.498137
0.208689
-0.308493
0.509663
-0.675133
0.327252
-0.395897
0.864546
-0.131581
0.0307267
-0.181575
0.30609
-0.872187
0.335451
0.242258
-0.00229031
-0.345114
0.671724
-0.580962
0.215066
0.0648651
0.818093
-0.527831
-0.375259
-0.374719
0.399308
0.166191
0.459702
-0.447556
0.557178
-0.820672
-0.249945
0.416291
0.361982
0.0156318
-0.367977
-0.333412
-0.115298
0.323446
0.106198
-0.161014
0.0475732
0.162423
-0.142333
0.051874
-0.0649644
-0.0257418
0.182211
-0.245671
0.440473
-0.422679
0.477328
-0.367268
0.0392174
0.409593
-0.615311
0.0570608
0.333867
-0.18521
0.309258
-0.503962
0.165985
-0.24699
-0.101605
0.42658
0.285655
-0.461094
0.48703
-1.06526
1.14578
-0.0257609
-0.306678
0.268258
-0.322021
-0.171884
0.153759
-0.0749339
-0.158488
0.427639
-0.233008
-0.0925979
0.585063
-0.412819
0.138259
-0.0725875
-0.202293
0.133498
-0.214033
-0.148625
0.397565
-0.665567
0.92483
-0.546782
0.229715
0.167645
-0.216313
-0.0719864
0.124277
0.0456473
-0.157064
-0.150348
0.253574
0.320276
-0.225229
-0.352048
0.400281
-0.291445
0.0288603
0.00897028
0.132302
0.379393
-0.618511
-0.54782
0.732461
0.222954
-0.489197
0.293589
0.206307
-0.219262
-0.344822
0.595634
0.0944212
-0.511353
0.137507
0.175363
0.187591
-0.626248
0.489537
-0.0692541
0.517887
-0.0949755
-0.784202
0.503587
0.153742
-0.242683
0.0663164
-0.0884509
-0.424956
-0.0191729
-0.593281
1.10646
-0.0708445
-0.294716
0.559677
-0.382676
-0.26916
0.424257
-0.0378292
0.0457078
-0.272537
-0.58852
0.56152
-0.305618
0.867238
-0.263572
-0.56875
0.20769
0.634743
-0.389489
0.561876
-0.883101
-0.285551
0.740269
-0.700309
0.774975
-0.298881
-0.447729
0.793117
-0.240008
0.232573
-0.411661
-0.111016
0.207472
0.303306
-0.3632
-0.149986
0.358023
0.292895
-0.690105
0.00755957
0.106073
0.386574
-0.161787
-0.248356
0.321523
-0.535702
0.222811
0.225998
-0.0681034
-0.369718
0.171746
0.284609
0.154672
-0.509087
0.279146
0.126069
-0.464097
0.554378
0.490137
-0.0234811
-0.995239
0.84378
-0.352054
0.396917
-0.367794
0.0890406
-0.514256
0.515602
-0.615506
0.339815
-0.836798
0.925301
-0.564431
0.237459
0.283632
0.201195
-0.475437
0.314961
0.189135
-0.0477728
-0.0633125
-0.40651
-0.0236747
-0.201474
0.21305
0.59889
-0.0772027
-0.276206
-0.168679
0.257271
-0.281051
0.0316838
0.135953
-0.1638
-0.182094
0.279231
0.118933
0.0492926
0.180077
0.421983
-0.886924
0.334818
-0.409497
0.281408
0.201408
-0.364396
-0.189
0.323306
-0.216989
0.453786
-0.182244
-0.386916
0.456214
-0.469822
-0.0219598
0.17122
-0.48187
0.771023
-0.440323
0.59667
-0.484015
0.206482
0.266103
0.191009
-0.816936
0.776819
-0.364772
0.170952
-0.076619
-0.300816
-0.526867
0.71911
-0.133608
0.0121855
-0.169142
0.430664
-0.142096
0.435367
-1.33945
1.34583
-0.173328
-0.708475
1.31612
-0.699967
0.612137
-0.124939
-0.671186
0.0760624
-0.571069
0.455753
0.106853
-0.673474
0.895322
0.0115819
-0.114545
0.108072
-0.29586
0.211463
-0.644245
0.460291
-0.012965
0.435484
-0.340837
0.178396
0.212907
-1.06938
0.877128
-0.276906
-0.370763
0.201361
0.360783
-0.480725
0.600627
-0.25344
-0.101042
0.379516
-0.424545
0.113032
0.0842416
0.184709
-0.0778047
0.380211
-0.739986
-0.198184
0.0654128
0.473991
-0.425762
0.350636
-0.254655
0.811884
-0.947886
0.345826
-0.232165
0.400394
-0.156376
-0.495879
0.3688
0.117319
-0.448654
-0.222058
0.138986
0.230906
0.431532
0.34265
-0.665247
-0.371469
0.431238
0.3262
-0.100308
-0.389102
-0.0699429
0.112336
-0.0991075
0.139096
0.118646
-0.0751665
-0.427952
0.521045
-0.263945
0.190313
0.165817
-0.00260317
-0.0962173
0.17835
-0.327144
0.171198
-0.170952
0.0567277
-0.309779
0.894245
-0.835289
0.296955
0.228767
0.306346
-0.592598
-0.427061
0.536166
-0.00938486
0.106207
-0.312727
-0.736616
0.747875
0.189116
-0.0722898
0.000574444
0.295036
-0.419615
0.481022
-0.583037
0.152036
0.0835607
0.437064
-0.384074
0.166906
-0.143407
0.261263
-0.446473
0.474161
0.0443982
-1.0003
0.810359
-0.157184
0.106681
-0.438623
0.311091
-0.415172
-0.135947
0.568256
0.104796
0.094244
0.00053189
-0.0896108
-0.259724
-0.51633
0.432373
0.58607
-0.239783
0.15174
-0.268655
0.238239
-0.31352
0.212255
0.096682
-0.0600531
-0.450689
-0.390706
0.544605
0.344483
-0.753556
0.473231
-0.081836
0.493049
-0.333482
0.498119
-0.553498
0.00709195
-0.314045
0.631872
-0.120554
-0.200987
0.395328
-0.157575
-0.211713
0.301357
-0.0483047
-0.180948
-0.621516
0.457174
-0.00682701
0.25862
-0.684165
0.259735
-0.858162
0.675598
0.576873
-0.222994
0.141613
0.0998445
-0.423836
0.394486
-0.096738
0.108064
0.246361
-0.0649408
0.424185
-1.18964
-0.0883613
0.774414
-0.810588
0.325722
0.355071
-0.123176
-0.0321402
0.305687
-0.335342
0.198852
0.0920219
0.586492
-0.806116
0.268209
-0.29328
0.0884219
-0.463008
0.410628
-0.331015
-0.538808
-0.153059
0.943919
-0.00487673
0.350636
-0.360228
-0.213602
0.451922
-0.0965449
0.0777955
-0.375157
-0.611443
1.27642
-0.51149
0.149762
-0.19125
0.372369
-0.224425
-0.556247
0.216605
0.41482
0.00521078
0.200986
-0.317681
-0.566675
0.950663
-1.1911
1.12801
-0.154708
0.395012
-1.05554
0.158671
0.329552
-0.373884
-0.0490344
-0.317306
0.0740708
0.49301
0.265594
-0.301781
-0.374338
0.613545
0.203469
-0.104438
0.197465
0.00323377
-0.175875
0.480163
-0.583349
-0.193711
0.398377
-0.706561
0.434655
-0.0740329
0.466885
0.00728698
-0.254946
-0.410106
0.105415
0.266019
-0.109144
-0.530315
0.502177
-0.484059
0.0891809
-0.205544
0.2661
0.765223
-0.322884
0.36693
-0.202898
-0.65581
0.165634
0.253298
0.350414
0.054976
0.0664462
0.128455
-0.568106
0.0487728
-0.240181
-0.0215694
-0.0872564
0.496347
-0.867092
0.366464
0.249877
0.500462
-1.17067
0.484498
-0.300206
0.430668
0.264107
-0.233667
0.00372558
-0.623504
0.260442
0.114221
0.257751
-0.735675
0.107222
0.810865
-0.686674
-0.250203
0.404471
-0.115422
0.795787
0.459953
-0.367255
-0.214121
0.451416
-0.325888
-0.0399439
-0.647562
1.02222
-0.964037
-0.540914
0.12062
0.0545365
0.336468
0.669352
-0.22209
0.311663
-0.920908
0.823553
-0.0709962
-0.136743
-0.141002
0.00534852
0.319724
-0.646861
0.227759
0.445748
-0.367891
-0.131357
-0.516531
0.508655
0.407712
0.248296
-0.41929
0.0466487
0.18547
0.368342
-0.686531
0.0136187
0.290048
-0.124674
-0.469916
0.430114
-0.49254
0.53473
-0.097867
0.0477802
-0.258658
0.181318
0.339279
0.292022
-1.21791
1.0017
-0.807581
1.21809
-1.02853
-0.326392
0.347805
0.222372
0.433889
-0.60028
0.141295
-0.0246006
0.147589
-0.400554
0.635575
-0.566123
-0.154405
0.3304
-0.698281
1.10054
-0.237208
0.20918
-0.292118
-0.359433
-0.0950593
0.811638
-0.541017
1.12988
-1.17096
-0.0612805
0.520615
-0.30458
-0.615335
0.331279
0.313935
-0.697516
0.457373
0.380938
-0.348334
0.181507
0.0894684
0.609799
-0.897477
0.1171
-0.337326
-0.0886427
0.716522
-0.479522
0.52678
-0.234128
-0.387354
0.644069
-0.217415
-0.0240039
-0.32208
0.392337
-0.284317
0.221255
-0.17488
-0.0553938
-0.101005
0.610759
-0.220969
0.280038
-0.350261
0.236428
-0.449915
0.119993
0.314701
-0.476408
0.0896145
0.0807186
-0.133112
0.638314
-1.01877
1.2099
-1.0572
-0.238745
0.738046
-0.170487
0.17855
0.619419
-0.68329
-0.110243
0.266974
0.148148
0.166847
-0.2391
0.129326
-0.048614
-0.191792
0.464218
-0.896582
0.453574
-0.29455
0.282303
-0.132421
0.0523065
-0.546571
0.676923
-0.0510987
0.261952
-0.0347621
-0.426332
-0.488225
0.238399
-0.29245
1.15092
-1.00821
0.470984
-0.098319
0.0449625
0.0323811
0.73099
-0.765917
0.3142
-0.505259
-0.46278
0.18507
0.791186
-0.867933
0.708141
0.289297
0.608494
-0.611676
-0.696427
0.378302
-0.199091
0.226206
-0.0278766
-0.641217
0.812392
-0.634647
0.171472
-0.128323
0.759487
-0.513986
0.393639
-0.808925
0.155712
0.14162
0.295446
-1.04942
0.815723
0.0875724
0.209898
0.117905
0.180474
-0.958625
0.841239
-0.196661
0.172473
-0.105099
-0.001495
-0.595923
0.653844
-0.340143
0.486044
-0.613637
-0.576284
0.92668
-0.245079
0.456638
-0.0832812
-0.406826
0.135655
0.602998
-0.285745
-0.359184
0.20845
-0.357444
0.638771
-0.654378
0.256789
0.319285
-0.540923
0.131725
-0.0749335
-0.337137
0.438203
-0.147854
0.112417
-0.263774
0.244675
0.638516
-1.16161
0.359915
-0.0730581
0.288658
0.140265
0.207796
0.419969
-1.00631
-0.0148798
-0.0106295
0.0719247
-0.513029
0.856964
-0.111371
0.260932
0.185235
-0.0690538
-0.501638
0.126847
-0.212436
0.151132
0.351173
-0.252382
-0.23541
-0.165564
0.489092
-0.65724
1.21142
-0.737606
-0.0574458
0.526207
-0.0687785
-0.58109
0.224543
0.204506
-0.648319
0.273987
-0.105868
0.115772
0.44392
0.0327561
0.0819923
-0.40703
-0.0363132
0.507479
-0.0625213
-0.747292
0.380009
-0.109029
-0.0533079
0.0460762
-0.648554
1.13129
-0.67932
0.210073
0.356796
-0.220101
-0.631272
-0.40995
1.11156
0.0406871
-0.265702
0.312754
-0.657156
-0.307758
0.431786
0.238081
-0.230256
0.451466
-0.254918
-0.48241
0.784963
-0.455576
0.00736568
0.20619
-0.372201
0.519554
0.0493162
-0.334309
0.290342
-0.0684229
-0.370646
0.528387
-0.398347
0.182128
-0.156167
0.182284
0.0987192
-0.0809631
-0.0385857
-0.277071
0.318401
0.214005
-0.464549
0.0816234
-0.0173741
0.345346
-0.317347
0.479758
-0.731752
0.220869
0.0462027
0.195447
-0.420992
0.350236
0.102135
-0.0984925
-0.193048
0.554643
-0.147655
-0.0603664
-0.241207
0.106667
-0.0467292
-0.00926037
0.0626416
-0.357365
-0.0146251
0.635526
-0.314414
0.200122
0.13011
-0.317495
-0.405881
0.496854
-0.095793
-0.138157
0.0353437
-0.376433
1.05256
0.237687
-0.620285
0.117078
-0.523657
-0.841976
0.967564
-0.186437
0.303402
0.311346
-0.146327
0.0927067
-0.282493
-0.0908983
0.473233
-0.42364
-0.000874713
0.0506067
-0.312336
0.16827
0.618577
-0.369091
-0.290473
0.554341
-0.830974
0.424089
-0.0164904
0.0475914
-0.324256
0.169645
-0.00982507
0.440715
0.11115
-0.529438
-0.0382533
0.3105
-0.0683123
0.586
-0.56855
0.059654
0.0251372
0.126982
0.100232
-0.200032
0.000501225
-0.60206
0.205929
0.419835
0.110357
0.291574
-0.466297
-0.155997
-0.10236
0.411761
-0.474513
0.144257
-0.00242453
-0.298301
0.378754
0.0549886
-0.343098
0.218056
0.0829742
-0.154977
0.327523
-0.315288
-0.434053
0.0404504
0.449365
0.00153625
-0.756161
0.201623
0.490281
0.14783
-0.642128
0.827839
-0.461588
-0.720112
0.658822
0.495172
-0.580602
0.882169
-0.57831
0.357969
-0.329221
-0.579895
0.565283
-0.0272767
-0.12044
0.111986
0.292472
-0.228888
-0.683632
0.525087
-0.0291667
-0.493907
0.495942
1.1109
-1.28041
0.59753
-0.325717
0.116506
-0.248737
0.385188
-0.140147
-0.259085
0.23091
0.689663
-1.20123
0.103648
0.132897
0.197676
0.0622488
0.292632
-0.207965
0.278092
-0.526771
0.000207659
-0.0623833
0.286523
-0.12337
-0.190686
0.149246
-0.0942351
-0.191529
0.128322
0.0862307
0.406924
-0.137646
0.279054
-0.180827
0.0252117
0.0364293
0.148742
-0.906707
0.581512
0.287852
-0.182821
-0.553633
0.23811
0.0924784
-0.0946999
0.383771
-0.202778
0.101387
-0.344617
0.22577
0.0714366
0.160759
0.24428
-0.62605
0.472116
-0.401454
-0.13538
-0.182807
0.289537
0.122676
-0.104926
-0.258731
0.445454
-0.428032
0.526357
-0.502516
0.304385
-0.162848
0.196515
-1.12161
1.30893
-0.345612
0.646642
-0.885117
0.486963
-0.256125
0.408354
-0.318541
-0.191428
-0.233412
0.103078
0.521771
-0.0193853
-1.23011
0.150747
0.612054
-0.0283668
0.203557
0.0179163
0.0826658
-0.0894136
0.335369
0.102063
0.0445651
-0.0211893
0.124272
0.303703
-0.892461
0.163123
0.182471
0.116896
-0.424472
0.11165
-0.311249
0.0563718
0.135549
0.130788
0.0739706
-0.268573
-0.367704
0.438198
-0.0272958
-0.562758
0.282344
0.146325
0.289159
0.148073
-0.421297
0.678929
0.0592102
-0.271241
-0.499528
0.796915
-0.823234
0.185139
0.199612
-0.231337
-0.190124
0.159113
-0.527478
-0.319533
0.819033
0.504686
-0.130013
0.317385
-0.887208
-0.489577
1.05032
-0.56712
0.0361434
0.374953
-0.0308612
0.0038135
-0.193608
0.475051
-0.376345
-0.0255203
-0.403839
0.434601
0.268264
-0.353711
0.155803
0.00424811
-0.157286
0.0632313
-0.076307
0.742193
-0.61281
-0.213376
0.108715
-0.000610121
0.20956
0.0479949
-0.133225
0.171649
-0.211193
-0.134105
0.153815
-0.106725
0.297406
0.440236
-0.58602
0.298458
-0.590216
-0.311732
0.759829
-0.70864
0.0545613
0.387007
0.222219
-0.115196
-0.339233
-0.115532
-0.167088
0.474752
-0.0870765
-0.172318
0.26778
0.107995
0.148145
0.0340798
-0.419168
0.369001
-0.000717219
-0.010619
-0.128335
-0.00722548
-0.151072
0.43974
-0.496261
-0.232414
0.403928
0.239636
0.25307
-0.494821
0.166472
-0.656069
0.530872
0.505614
-1.0226
0.859927
-0.337753
0.251533
-0.43341
0.461781
0.0367959
-0.128708
0.130334
0.578808
-0.735281
-0.861655
-0.37781
1.39648
0.0154924
-0.348222
-0.116714
0.121285
0.325989
0.0589976
0.387836
-0.26803
-0.0345108
-0.437409
-0.117719
0.637944
-0.254359
-0.254708
-0.0764886
0.357906
-0.220225
0.554938
-1.30998
0.628646
-0.444125
0.873839
-0.192772
0.174834
-0.0123739
0.201202
-0.309668
-0.5423
0.429527
0.52965
-0.39794
0.000496623
-1.01007
0.739659
-0.0431101
0.231367
-0.203709
0.308294
-0.635047
0.0803468
0.457582
-0.0452551
-0.379614
0.514724
-0.190265
-0.357171
-0.419317
1.19937
-0.432404
0.25223
-0.148527
0.48587
-0.645856
0.133197
-0.883965
1.11827
-0.257704
-0.354544
0.324042
0.0605437
-0.216779
-0.419528
0.651533
-0.320566
0.228989
0.139833
-0.407406
0.418951
-0.19232
-0.0185335
-0.00344225
0.107759
-0.660235
0.82263
-0.0553896
-0.274218
-0.129031
-0.25064
0.126953
-0.126121
0.445785
-0.391851
0.299735
0.320998
-0.340314
0.298563
0.0639752
-0.411009
0.438278
-0.780627
0.536723
-0.221471
0.0715382
0.0117445
-0.147141
0.2847
-0.298034
0.267401
-0.169501
-0.034106
0.551274
-0.164639
-0.2574
-0.286477
0.0249437
0.209942
-0.0724832
0.415344
-0.564798
0.46866
0.0694678
0.144588
-0.800765
0.13754
0.017391
0.251965
-0.870281
1.03118
-0.00405371
-0.552578
0.394715
0.768817
-0.331392
-0.115231
-0.312132
-0.0260832
-0.0287655
0.115834
-0.131423
-0.413503
-0.162374
0.168932
0.263967
0.476005
-0.0816427
0.0480951
-0.159565
0.310317
-0.0900984
0.139066
-0.983946
0.646004
0.0826696
-0.119062
0.297494
-0.340551
-0.273519
0.483302
-0.00173375
-0.0810516
-0.751635
0.00242299
0.571211
-0.0395914
-0.142572
0.2783
-0.339685
0.683477
-0.269047
-0.0708635
0.273714
0.588201
-0.634634
0.0325742
-0.622053
0.570658
-0.13689
0.193224
0.165192
-0.162979
0.102071
-0.457018
0.330678
0.212167
0.227297
-0.723377
0.155448
-0.000779712
-0.143337
0.0485353
-0.383616
0.451242
-0.188949
0.653805
-0.885811
0.200719
-0.375281
0.304479
0.0344658
0.0472688
0.422219
-0.448096
-0.259392
0.0115154
-0.102599
0.485175
0.14191
-0.347009
0.175639
0.152082
0.404926
-0.457104
0.124029
-0.114013
0.182249
-0.479066
-0.185514
0.0830651
0.602757
-0.140429
-0.436348
0.306688
0.407485
-0.415503
-0.183675
0.335728
0.141393
0.0818496
-0.580958
0.22862
0.0786852
-0.0609564
0.27288
0.105011
-0.727336
-0.18359
0.475609
0.497406
-0.525894
-0.277468
-0.0234295
0.671356
-1.16487
0.914257
-0.120373
0.816904
-1.36549
0.972439
-0.262858
-0.0866616
0.111937
0.246099
-0.793754
0.434776
-0.194209
-0.105722
0.617255
-0.571899
-0.174168
0.267862
0.530009
-0.15299
-0.0216312
-0.875421
0.164735
0.454325
-0.269305
1.16941
-0.790226
0.392718
-0.636955
0.775366
-0.649362
0.00133589
-0.357648
0.219467
-0.160703
0.61378
-0.513495
0.448923
-0.409777
0.0885116
0.0632506
-0.286868
0.64514
-0.390193
-0.445287
0.266436
0.204768
-0.368162
0.291799
0.00459112
-0.606107
0.824163
-0.43522
0.507771
-0.197308
0.0551212
-0.16205
0.439599
-0.195388
0.0578852
-0.47211
0.237138
-0.514343
0.212196
0.56809
-0.305592
-0.149422
0.149195
-0.25941
-0.0222577
0.486833
-0.0725227
-0.0351644
-0.110656
0.107544
0.0469805
-0.154965
-0.421467
0.650183
0.0934812
-0.547025
0.262936
-0.140435
0.205825
0.214108
0.0789073
-0.366016
0.155711
0.0753513
-0.524481
0.52208
-0.0599336
-0.257161
-0.0999001
-0.206957
0.582487
-0.424606
0.0942906
0.354563
-0.254718
0.00905714
-0.308805
0.526965
0.450919
-0.339454
0.19903
-0.170659
-0.220754
-0.121262
0.184538
-0.0399443
-0.0471745
-0.122029
0.267535
0.0565253
0.0072687
-0.442486
0.294791
-0.298578
0.184785
-0.00349838
0.951761
-0.687232
0.00321532
-0.530963
-0.0540541
0.458009
-0.39794
0.0479809
0.29085
-0.17769
0.173803
0.0602516
-0.0599538
-0.137923
-0.10977
0.00970622
0.690782
-0.693871
-0.206783
-0.260248
0.282921
0.0762592
-0.103266
1.00849
-0.474971
-0.0175994
-0.12347
0.201893
0.580694
-0.393512
-0.17715
-0.0325772
0.105128
0.0908306
-0.329059
0.278523
0.0354023
-0.190907
0.547725
-0.228295
-0.672081
-0.0425977
0.49331
-0.199471
0.295901
-0.712901
0.476077
-0.249007
0.276642
0.153
-0.153
0.403347
0.38228
-0.545359
0.322155
-0.293524
0.428961
-1.0627
0.606401
-0.680217
0.60941
-0.312944
-0.1961
0.333869
0.0609363
-0.0725182
-0.107076
-0.213507
0.282974
-0.300866
0.408889
-0.688341
0.501191
-0.000818146
0.212594
0.383513
-0.394053
-0.273261
0.200344
0.0821257
-0.154592
-0.00891053
0.167062
-0.178468
0.0231192
-0.038257
0.116814
-0.339691
0.321723
-0.152597
0.108892
0.151159
-0.431057
-0.0312459
0.241652
-0.103666
1.02513
-0.189735
0.158542
-0.516162
0.00860016
-0.656467
0.459929
0.252055
0.185687
0.0692817
0.176091
-0.392995
-0.335665
-0.218468
0.585935
-0.422724
-0.414273
0.556043
0.376306
-0.97532
0.66987
-0.479861
0.415119
-0.197499
0.586996
-1.07908
0.0310916
0.586236
-0.0320701
-0.09407
0.257679
-0.255574
-0.34308
0.763756
0.0513511
-0.476525
0.41575
-0.0920662
0.126828
-0.0515264
-0.07088
-0.48238
0.54219
-0.481471
0.409762
-0.402976
0.999512
-1.04778
-0.0555261
-0.124698
0.261729
-0.933848
1.18159
0.15939
-0.0620132
0.123385
-1.13932
0.576599
0.734564
-1.17161
1.25103
-0.399597
-0.498625
0.0872279
0.223705
0.393137
0.277782
-0.694927
0.0953894
0.0176409
-0.0370194
0.152547
0.417271
0.121954
0.179076
0.104463
-1.34998
0.50706
0.0936405
-0.733272
1.04669
-0.372936
0.444092
-0.440527
0.164902
-0.343768
0.595394
-0.541615
0.112158
-0.931865
0.678204
-0.110827
-0.0880135
0.336337
-0.153348
0.387178
0.514358
-0.761283
-0.636061
0.752765
0.215519
-0.582933
0.0951633
-0.986787
1.25234
-0.4596
-0.101842
-0.377134
0.793081
0.110392
0.180456
-0.70405
0.0495487
0.00137434
0.181458
-0.0633483
0.342965
-0.105481
-0.128436
-0.114657
0.655112
-0.968017
0.743356
0.272551
-0.00780525
-1.2624
0.337618
-0.575719
0.994864
-0.48903
1.0991
-0.745065
0.675117
-0.0082951
-0.381676
-0.508155
-0.179156
-0.0108777
0.625639
-0.0109954
0.0904242
0.0105258
0.236992
-0.167246
-0.36721
-0.527458
0.797401
0.0229787
0.0477144
-0.454501
0.395389
-0.76491
0.46047
-0.164453
0.0580394
0.280085
0.176091
-0.463146
-0.171709
0.396809
0.0685186
-0.664575
0.123774
0.222307
-0.0996893
0.012812
0.0692404
-0.311328
0.176505
0.320595
0.193593
-0.0986922
0.254755
-0.470875
0.415288
-0.392898
0.808588
-0.491534
-0.455244
-0.188072
0.555697
-0.138845
0.0090186
-0.180581
-0.00154339
0.237594
0.329138
-0.515943
0.145359
0.096574
-0.282853
-0.106882
1.346
-0.755288
-0.105573
-0.205738
0.348034
-1.00908
0.790961
0.0249476
0.0588967
-0.117632
-0.0866475
0.293899
-0.0184616
-0.345833
0.143599
0.210853
0.0686573
0.00300966
-0.319652
-0.283012
0.212894
-0.132626
0.178
-0.135736
0.154445
-0.269832
0.656367
-0.205854
0.253546
-0.541401
0.132737
-0.219543
0.580514
-0.570356
-0.277414
0.74878
0.0927804
-0.837995
0.757559
-0.401229
0.262564
-0.489356
1.26257
-1.45048
1.39742
-0.546543
0.49539
-0.970244
1.13773
-1.11742
0.28383
-0.389956
0.346034
-0.284147
0.370921
-0.175938
-0.0823875
-0.140808
0.425663
0.155111
-0.393448
0.0637137
0.847063
-0.736375
0.564131
-0.406813
0.648693
-1.1244
1.11904
-1.43724
1.28208
-1.37277
1.57281
-0.501069
-0.545397
0.0971755
-0.287713
0.521227
-0.551316
0.718406
-0.393912
0.283841
-0.820917
0.277961
0.35033
-0.513161
1.2138
-0.821501
0.932738
-0.360201
0.316606
-0.0738625
0.0571107
-0.772639
0.838413
-0.48255
0.421496
-0.664919
0.227533
-0.189464
-1.02641
0.413153
0.322151
-0.0787032
0.172045
-0.460457
0.549706
-0.591456
-0.506378
0.786666
1.06348
-1.09711
1.08735
-1.42759
1.53058
-0.849445
0.865013
-1.37476
1.17104
-0.921057
1.05467
-1.47766
0.457629
-0.0980419
0.654654
-0.196632
-0.484145
0.0902362
0.131419
-0.382783
-0.19414
0.591347
0.212942
-0.593125
0.922256
-1.04171
1.09475
-0.924685
1.12645
-1.04366
0.90083
-1.0818
1.17535
-1.4864
0.542429
-0.22925
0.730347
-0.798721
0.525093
0.0205275
-0.536877
-0.0305226
0.565153
-0.0860965
-0.0287364
-0.177522
0.419916
-0.149052
0.0370784
-0.296165
0.986322
-0.985734
1.06911
-1.20297
1.0513
-0.464516
-0.445407
-0.515336
1.42203
-1.17243
0.768103
-0.104328
-0.256158
0.199227
-0.149489
0.192678
0.0320732
-0.604653
0.189679
-0.126785
0.311157
0.162394
0.775051
-0.684429
0.729011
-1.16939
0.40113
-0.405873
0.581714
-0.366044
0.0402318
-0.285891
0.9165
-0.53863
-0.102132
-0.408537
0.241891
0.305771
0.197591
-0.307
0.131912
-0.857681
0.64733
-0.0693265
-0.149729
-0.124238
1.34453
-1.07555
1.07246
-1.41069
1.27661
-0.659698
0.590817
-1.69638
1.64888
-0.941167
0.799261
-0.943716
0.870398
-1.02984
0.590504
-0.460185
0.45751
-0.404143
-0.0606129
-0.214974
0.497586
-0.47183
0.641211
-0.0426017
0.881821
-0.842169
0.528549
-0.877042
1.12444
-1.41615
1.55145
-0.483071
0.294191
-0.711581
0.852314
-1.3045
0.0516182
0.138527
0.306837
0.39794
-1.43907
0.0699581
1.02347
-0.757738
-0.282969
0.173376
0.969334
-0.233487
0.831397
-0.857726
0.768435
-0.926014
1.10694
-1.48929
1.42695
-1.8112
1.78666
-1.34448
1.49061
-1.29768
0.128092
-0.295684
0.0456939
0.0455316
0.687957
-0.6539
-0.366075
0.140667
-0.0416487
0.20379
-0.295784
0.324571
1.20511
-1.3034
1.42235
-1.21295
1.2735
-1.49114
1.49114
-1.18823
1.09338
-0.973362
0.8498
-0.91783
0.417228
-0.570929
0.453732
-0.184486
-0.406847
0.56615
-0.283507
-0.894119
1.20581
-0.376218
-0.533474
1.19061
-0.186511
-0.578501
0.393353
-0.00727209
-0.049547
-0.260601
0.0899051
-0.238604
0.147328
-0.66671
0.398572
0.287736
-0.0593706
0.190421
0.140521
-0.544396
0.556019
-0.456207
0.785632
-0.415682
0.120561
-0.151618
0.106455
-0.466263
0.31432
-0.360941
0.632998
-0.240143
-0.456701
0.642338
-0.112399
0.0793876
-0.437377
0.116575
0.405801
-0.279941
0.392181
-0.258726
-0.160279
-0.310828
0.0619896
0.000279479
0.836243
-1.5306
0.676023
0.398745
-0.108435
0.18414
0.28495
-0.603981
0.304494
-0.738321
0.984948
-0.0817869
0.328419
-0.382012
-0.0377469
-0.0218644
-1.11724
0.730769
0.361121
-0.225202
-0.254919
0.136134
0.148365
0.148963
-0.334713
0.0329464
0.519822
-1.20651
0.251458
0.287529
0.0374553
-0.92647
1.52257
-0.330956
0.182981
-0.481638
0.802338
-0.178877
-0.256012
0.161106
0.105588
0.10655
0.236898
-0.651536
0.0700379
-0.534757
0.949467
-0.975649
0.534765
-0.0980238
0.55369
-0.395278
0.0898482
0.0044002
0.52229
-0.27133
0.187269
-0.696537
0.475174
-0.450838
0.403262
-0.610628
0.579144
-0.581698
0.478875
-0.587188
0.252725
0.648138
-0.419129
0.529828
-0.819814
0.0286977
-0.957026
0.852762
0.203602
-0.333215
0.640768
-0.152688
0.0251283
-0.129229
-0.6144
0.330589
0.549094
-0.327548
0.609693
-0.724876
0.270951
0.212209
-0.0489237
-0.861678
0.494453
0.374115
0.216364
-0.565867
-0.25892
-0.0200598
0.246983
-0.426246
0.628285
-0.0624305
-0.194957
0.270299
0.0212621
-0.377751
0.686495
-0.822974
0.524676
-0.373535
-0.473516
0.649442
0.00575232
0.260898
-0.169616
0.120611
0.12018
-0.61603
0.755077
-0.576359
-0.0378215
0.0400004
-0.32984
-0.0864908
0.366836
0.309439
0.320993
-1.2369
0.543104
0.294344
-0.485583
0.337092
0.269029
-1.10312
0.952582
-0.302856
1.06962
-0.706149
0.364325
-1.27927
1.02399
0.0558487
