0.297519
0.165075
1.09691
-0.149593
-0.0155374
0.137609
-0.842916
0.629142
-0.333547
-0.169195
-0.228313
0.157567
0.178585
-0.3087
0.692113
-0.573653
-0.0741076
0.447056
-0.470161
-0.477202
-0.275627
0.919823
-0.862368
0.450577
0.159609
0.0907889
0.0249678
0.163933
-0.179235
0.198988
-0.898859
0.525035
0.361711
0.0407766
-0.147818
0.182157
0.315943
-0.427979
-0.480295
0.381619
-0.47552
0.698781
-0.0643116
-0.117557
-0.583927
0.119608
0.0973628
-0.162327
0.39211
-0.363299
0.556695
0.19393
-1.16897
-0.188515
0.337005
-0.0518889
1.15343
-0.272513
-0.329048
0.422597
-0.212139
0.0313747
0.537152
-0.500813
0.297569
-0.0825108
0.764882
-1.23381
0.425089
-0.478836
-0.345214
-0.0212495
0.122981
0.151075
-0.256235
0.421646
-0.265378
0.375838
-0.442899
0.201424
0.430942
0.367121
-0.4452
0.228857
0.292797
-0.41942
-0.166014
0.0189442
-0.347175
0.364961
0.407998
-0.646858
0.166065
-0.311742
0.208349
-0.482972
0.548576
-0.0558925
0.219759
-0.124368
-0.409576
-0.261714
0.769425
-0.178335
0.16356
-0.367553
0.338322
0.299646
0.257933
-0.418653
-0.251354
0.5279
0.0745885
-0.55554
0.429319
-0.892062
0.111144
-0.0884693
0.439116
-0.137654
-0.131302
0.0998971
-0.0306395
-0.831346
1.29385
0.0269556
-0.646727
0.327987
-0.0933356
-0.544683
0.744944
-0.405277
0.928916
-0.198621
0.136727
-0.591846
0.464852
-0.176911
0.216156
0.0228083
-0.643162
-0.203555
0.190362
0.225886
0.20565
-0.277572
0.137467
0.0314314
-0.641006
1.30186
-0.920638
-0.186171
0.366172
0.405541
-0.587889
0.500422
0.101638
0.194857
-0.181695
-0.310575
0.18508
0.00391002
0.600939
-1.15546
-0.0334237
0.300017
-0.501211
0.0936624
-0.36351
0.798817
-0.378977
0.238522
0.254337
-0.390668
0.249606
-0.137143
0.70364
-0.672801
0.289842
-0.169712
-0.132421
0.196043
0.328528
-0.708018
0.430469
0.370057
-0.12311
-0.379409
0.0973405
0.0724855
-0.527645
-0.0492045
0.41309
-0.25666
-0.170035
0.119743
0.628532
-1.02229
0.38383
0.344503
0.243348
-0.692737
-0.0132338
0.648114
-0.00284162
-0.110663
0.464856
-0.0625034
-0.674255
-0.257981
0.220698
-0.0582163
0.241275
-0.0306377
0.292695
-0.513267
-0.190975
0.523505
-0.0845926
0.148853
-0.228532
-0.528115
0.975951
-0.190843
-0.818441
0.794208
-0.48516
0.309843
0.134066
0.140681
0.493456
-0.152778
-0.269009
0.0086804
0.12048
-0.268608
-0.364879
0.274079
-0.0175129
-0.510961
0.25854
0.307967
-0.0353279
-0.283018
-0.380844
0.882332
-1.3036
1.20289
-0.382541
-0.119231
0.570056
-0.277766
0.196766
-0.0838377
-0.306693
0.442819
0.0696359
-0.713044
1.31453
-0.112181
-1.2018
-0.152889
0.176247
0.128307
0.0542109
-0.184853
-0.342581
0.567155
0.0591093
-0.191262
0.328531
0.0752095
-0.353882
0.263295
0.581803
-0.467978
-0.131814
0.539685
0.173147
-0.848023
0.284285
-0.213434
0.139223
-0.678644
0.0945102
-0.0175035
0.502975
-0.16298
-0.226154
0.156442
0.185322
-0.358781
0.588747
-0.621686
0.450263
0.189408
-0.458953
0.695422
-0.0346488
0.340118
-0.827537
0.229587
0.499852
-0.173712
-0.485264
-0.113403
0.297636
-0.959382
0.703139
-0.544949
0.539037
0.0719777
0.109805
-0.458091
0.740363
-0.10717
-0.511503
-0.0271615
0.272108
0.39381
0.0535627
-0.487253
0.397452
-0.401826
0.814974
-0.285762
0.167587
-0.830949
0.388456
0.0952844
-0.262011
-0.0829614
-0.88318
0.645164
-0.0453052
0.392815
-0.0809597
-0.221953
0.105248
-0.583776
0.00560184
0.453036
0.460831
-0.435109
-0.069771
0.316434
-0.147446
0.102277
-0.0358285
0.0591554
0.385731
-0.844728
-0.0666955
0.708762
0.0280828
-0.829031
1.45742
-0.380671
-0.270903
-0.318332
-0.0630411
0.163069
0.165059
0.181205
-0.271086
0.451609
-0.509564
0.2077
-0.271498
-0.160729
0.522725
-0.265754
0.275094
-0.0714195
0.225274
-0.601125
0.0216953
0.268789
0.287356
-0.867678
-0.647279
0.26523
0.541227
0.263218
0.367638
-0.248171
-0.0516727
-0.287606
0.0167087
0.0351337
-0.0145967
0.367643
-0.335792
0.08899
0.25704
-0.4858
-0.179204
-0.129055
0.503514
-0.160156
0.650539
-0.130895
-0.304055
-0.0197183
-0.518514
0.38736
0.618589
-0.623638
-0.861309
1.34038
-0.112062
-0.285292
0.287559
0.125191
-0.0446438
-0.105939
-0.223561
0.37465
0.273571
-0.389689
0.228092
-0.178052
-0.133014
-0.324696
1.0423
-1.36621
1.127
-0.711499
0.260506
-0.752946
0.87045
0.465222
-0.664794
0.340283
-0.20032
-0.157659
-0.0923892
-0.336146
-0.403799
1.06599
-0.236359
0.110377
0.179752
-0.463971
0.39381
0.344214
-0.280309
0.108184
-0.107666
-0.84532
0.703732
0.268952
0.143634
0.131108
-0.598448
-0.264588
0.400999
0.0431569
-0.959693
1.18038
-0.710582
0.777667
-0.3677
-0.555126
0.367438
0.71348
-0.873015
-0.274404
0.752832
-0.154621
0.557641
-0.798258
0.846229
-0.950883
0.677671
-0.844494
0.196191
0.000189961
0.164562
0.0700101
0.144956
-0.163466
-0.688279
0.671426
-0.0231171
-0.0610446
0.137839
-0.263767
0.963417
-0.383745
0.324902
-1.24718
0.452494
0.717246
-0.207683
-1.05322
1.03068
-1.08782
0.645768
-0.00158501
0.0727425
0.324407
-0.09691
-0.378673
0.361134
-0.726777
-0.854653
1.34899
-0.465115
0.392246
-0.516956
0.340448
0.684219
-0.300224
0.664456
-0.108315
-0.24366
-0.424931
-0.298217
-0.030569
0.34465
0.162727
0.0917704
-0.540403
-0.0196251
0.0798213
0.00192594
0.0966688
-0.0658776
0.506478
-0.637946
0.0849446
0.0088385
-0.295582
0.439285
0.0164413
-0.241032
0.632429
-0.0622832
-0.272884
-0.137421
0.710749
-1.12109
0.384037
-0.0764921
0.0460573
0.771012
-0.35998
-1.12829
0.084699
0.467809
0.0432713
0.0913526
-0.623001
0.432236
0.040948
-0.0543266
0.776638
-0.689812
0.516752
0.0816217
-0.205741
0.596123
-1.28094
0.604464
0.473918
0.338265
-0.0980464
-0.964872
0.390135
-0.486553
-0.575509
0.901556
0.122348
-0.699413
0.433129
-0.289999
-0.376057
0.632603
0.451959
-0.53963
-0.249556
1.02021
-0.179939
0.35425
-0.244178
-0.3771
-0.293801
0.486785
0.30103
-0.374878
-0.555183
0.631523
-0.143047
-0.0172684
-0.800102
1.13006
-0.64409
0.3218
-0.3437
0.397542
-0.275621
0.376932
-0.626611
0.112414
-0.220277
0.29992
0.206121
0.191358
-0.153191
0.144962
0.355478
0.173022
-1.2611
1.02333
-0.338302
0.342748
-0.220775
0.0878674
-1.04455
0.643203
-0.722553
0.937407
-0.630751
0.310453
0.621328
-0.708795
-0.0496425
0.413452
-0.441369
0.465646
0.219535
0.0109954
-0.262482
0.423189
-0.642673
0.429578
-0.377478
0.960233
-0.686034
-0.183963
-0.335302
0.665296
0.092171
-0.0914897
-0.0761023
-0.313717
0.283335
-0.326165
0.429931
-0.790069
0.19708
0.186329
-0.0958994
0.419556
-0.0521463
0.131104
0.107613
0.229075
-0.873894
-0.0392798
0.28222
0.424834
-0.354694
0.379891
-1.22773
1.4043
-0.779352
0.0367651
0.484757
-0.788648
-0.0607542
-0.71277
0.724306
-0.225491
0.668777
-0.426651
0.62414
-0.279233
0.541547
0.00185594
-0.25237
-1.05972
0.44334
0.554445
-0.219407
-0.329849
0.596871
0.274198
-0.642031
0.573062
-0.609066
0.107361
-0.348893
0.732576
-0.94638
-0.0886471
1.27961
-0.941328
0.322059
0.0672498
0.0929128
-1.04867
1.04086
-0.0494286
0.136047
0.0141804
0.0288354
-0.0260365
-0.382118
0.337673
-0.319434
-0.0734065
0.027892
0.78811
-0.842693
0.0323702
0.00610588
-0.0148521
0.078096
0.0912566
-0.0145477
-0.301272
-0.163136
0.752302
-0.546949
0.396207
-0.437333
0.838109
-0.591901
0.0498695
0.539528
-0.415868
-0.241759
0.309345
-0.301589
0.902159
-0.671338
0.862563
-0.998612
0.451912
-0.847807
0.579113
-0.588875
0.647828
-1.25939
0.834841
0.431897
-0.472847
0.148184
1.07376
-0.954756
0.476097
-0.13311
-0.155071
-0.137116
0.175084
-0.239015
0.258418
0.278618
0.0932846
-0.452735
0.437092
-0.00811789
-0.542341
-0.320623
0.440022
-0.377418
-0.932907
1.54987
-0.46192
-0.361065
-0.0142277
0.253321
0.481091
0.00104149
0.188251
-0.517538
0.407947
-0.233562
0.335184
-0.350248
-0.0869258
-0.494931
0.769377
-0.162116
-0.128475
-0.217939
0.470605
-0.403574
0.262522
-0.122867
-0.0331126
-0.230153
0.218512
-0.802198
0.626025
-0.15438
0.87182
-0.677543
0.47268
-0.177327
-0.255742
0.342032
-0.200341
-0.329618
0.474338
0.123428
0.389971
-0.339948
-0.201291
-0.261885
0.282223
-0.204166
0.352531
-0.874083
0.0715157
-0.048322
0.929235
-0.935677
0.740581
-0.021075
0.387588
-0.706164
0.509785
-0.632752
0.726861
-0.199688
0.209348
-0.398541
0.378713
0.259311
-0.293797
-0.328955
0.941076
-0.94939
-0.177917
0.133596
-0.91205
0.360919
0.124681
0.202678
0.0879552
0.221379
-1.01893
0.461885
0.452096
0.393095
0.182652
-0.287434
0.269943
0.139137
-0.706772
-0.710818
1.20262
-0.0433514
0.179361
-0.722601
0.3175
-0.276915
-0.666775
0.177982
0.222317
0.544684
0.185694
-0.990902
-0.0871194
0.908601
-0.0426539
0.0595618
0.141401
0.0940158
-0.59336
-0.43547
0.704782
-0.22661
0.311991
-0.14692
0.302682
-0.455866
0.87657
-0.836543
0.975064
-0.287629
0.183579
-0.977922
0.85535
-0.21293
-1.21034
0.161951
0.498139
-0.835303
0.667979
-0.527698
1.25142
-0.385195
0.119628
-0.0489609
-0.170192
-0.195451
0.731766
-0.683972
0.438663
-0.465065
0.368948
0.483982
-0.348168
-0.747966
0.149801
0.453813
0.0724698
-0.125989
-0.223968
-0.0778482
0.751499
-0.129348
-0.963555
0.0767016
0.697798
-0.362237
-0.224935
0.433656
0.324843
-0.543842
0.129781
-0.30932
-0.0162632
0.447791
0.130757
-0.69777
0.766081
-0.695255
0.413125
0.615591
-0.704161
0.019157
-0.777488
0.252147
0.0938724
-0.209655
0.25574
0.396889
0.559344
0.0927038
-1.23966
0.634019
0.238601
-0.292806
-0.128645
-0.215285
0.443208
-0.438776
0.0714682
0.267172
0.553455
-0.972475
0.832226
-0.460532
-0.260789
-0.0211224
0.619543
-0.314478
0.285371
-0.428049
-0.112654
0.323046
0.39873
-0.384606
0.125047
-0.126351
0.201202
-0.121044
-0.328141
0.054566
0.343466
-0.127002
-0.27103
0.0360044
0.725736
-0.0811236
-0.217777
-0.660502
0.355224
-0.618074
1.25534
-0.374637
0.0707518
-0.303584
0.474301
0.066385
-0.116506
0.118475
-0.428061
-0.234911
0.358012
0.333516
-0.131737
-0.394816
0.450368
-0.0113491
0.0659426
-0.954688
0.713805
-0.616644
0.0584895
0.327299
-0.450242
0.141994
0.051548
-0.507522
0.704835
0.293131
-0.424371
0.127712
-0.479943
0.566151
-0.277549
0.261423
-0.584951
-0.0111318
-0.209139
0.773062
0.672322
-0.773113
0.413153
-0.286013
0.871342
-0.735747
-0.395894
0.0365528
0.230246
-0.699659
1.3031
-0.233853
-0.756215
0.432767
-0.224524
-0.0872956
0.105501
0.550431
0.157449
-0.828627
0.366355
-0.00995561
0.371683
-0.486981
0.29016
-0.424817
0.280533
0.231639
-0.073012
-0.0865157
-0.254753
0.410546
0.153629
-0.339524
0.385282
-0.377456
-0.378976
0.107029
-0.72174
1.11535
-0.000652583
-0.0134825
-0.0421391
-0.260468
0.724591
-0.0995744
-0.61675
0.178021
0.215289
-0.432274
-0.452884
0.563204
0.48707
-0.524386
0.216444
-0.759469
0.583759
-0.406921
0.406159
-0.780492
0.55629
-0.128614
0.425125
-0.0415561
0.0222119
-0.0378602
-0.381556
0.285435
0.0609348
-0.36979
0.523396
0.118261
-0.0747409
-0.245565
0.415689
-0.311485
-0.151
-0.116763
0.178103
-0.199643
0.0923701
-0.131325
0.408349
-0.556523
-0.147584
0.30221
0.290715
-0.288147
0.505785
-0.104463
0.210354
-0.205838
-0.110711
0.421432
-0.312232
-0.271928
-0.194851
0.255925
0.486502
-0.365259
-0.120314
0.109809
-0.00199128
-0.0347315
-0.0482082
-0.684417
0.708025
-0.271079
0.0934885
0.2486
-0.310518
-0.17815
0.852851
0.126199
-0.0328155
-0.25214
0.0795745
-0.0354878
-0.146335
-0.629636
0.667471
-0.0890457
0.563352
0.0672275
-0.599597
-0.222737
0.168903
-0.361253
0.348776
-0.109615
0.327524
-0.468633
0.614621
-1.06608
0.654815
-0.616552
0.406108
0.785236
-0.0249823
-0.986299
0.206577
-0.470577
0.969986
-0.417307
0.155869
-0.435263
0.638532
-0.533874
0.25473
0.0704855
0.226336
-0.268597
-0.20464
0.00501328
-0.573519
0.630104
0.202873
-0.327874
0.247698
0.221076
-0.751052
0.604609
0.558669
-0.604899
0.35761
-0.147507
-0.656072
-0.0278387
0.976419
-0.658432
-0.118969
0.397846
0.343928
-0.823701
-0.188763
0.186591
-0.0983316
0.471237
-0.0570779
-0.0780588
0.226692
-0.077449
-0.343587
0.118431
-0.203023
0.499361
-0.495827
0.426158
0.456419
-0.636655
-0.0280756
0.105012
0.157682
-0.171489
0.101853
-0.127944
1.0041
-1.30459
-0.120624
0.604338
-0.769485
1.19573
-1.11877
0.500139
-0.200539
0.252593
0.240267
0.0610638
-0.331234
0.895305
-0.811044
0.158567
-0.0688355
-0.185618
0.0361528
0.446743
-0.183501
-0.582724
0.330607
0.152386
0.198277
-0.943177
0.635036
-0.0206612
-0.368525
0.304056
-0.448792
0.292374
-0.106849
-0.0631006
0.641711
-0.137316
-1.12916
0.148383
1.36399
-0.315854
0.404795
-0.269699
-0.331744
-0.276079
0.58774
-0.636725
0.385622
0.399007
-0.31158
-0.597256
-0.180895
0.1722
0.308847
-0.727382
0.948574
-0.747106
0.171061
0.453849
0.469753
-0.963258
0.666716
0.118561
-0.0897386
0.0681902
0.0729704
-0.642293
0.856725
-1.06981
0.513282
-0.114961
0.261973
-0.164321
-0.429533
0.422172
0.719248
-1.07276
0.250494
-0.298245
0.332459
0.143732
0.129297
-0.147794
0.116026
-0.357492
-0.243306
0.0379742
0.617285
0.123184
-0.629486
-0.0590866
0.7095
-0.817926
0.956765
-0.0656196
-0.390481
-0.115846
1.05076
-0.224886
-0.22786
-0.0377139
-0.938546
0.355362
0.793422
-0.297015
0.00337445
-0.104832
-0.405955
-0.535078
1.04384
-0.391691
-0.0998011
-0.353702
0.8645
-0.040366
-0.221206
-0.0359187
0.475348
-0.0766965
-0.615855
0.542347
-0.332543
0.0307625
-0.436939
0.410743
-0.301206
0.697385
-1.22936
0.296543
-0.72376
1.0727
-0.499382
0.33201
-0.114087
0.648444
-0.193863
-0.132805
0.301282
-0.0489663
0.047961
-0.230301
0.454668
-0.912766
0.33139
0.404723
-0.410859
0.126101
-0.192363
-0.525003
0.418816
-0.218737
0.652727
-0.518406
-0.136437
0.264519
-0.605724
1.03337
-0.0597744
0.0478166
0.23007
0.162012
-0.506253
0.0364657
0.151444
0.256472
-0.409323
-0.0107496
-0.191788
0.102339
0.864188
-1.29332
0.343857
-0.421132
0.181774
0.480567
-0.630731
0.472013
-0.473692
0.483779
-0.568631
0.526517
0.192343
-0.530582
0.573943
0.0869535
-0.561707
0.12479
0.182366
0.376794
-0.153035
0.0546937
-0.36985
0.0133716
0.972475
-1.56935
0.682796
-0.131252
0.0601658
0.0483965
-0.247709
0.375273
-0.397862
-0.118768
0.106455
0.086712
0.285024
0.0123161
-0.202002
0.621407
-1.10388
0.0448636
1.09105
-0.121549
-0.180519
-0.20709
-0.620252
0.0344987
1.39387
-0.0774544
-1.11007
0.325049
0.329172
0.137017
-0.0493959
-0.683275
0.344981
-0.539035
0.656221
-0.117526
0.556302
-0.823052
-0.452989
0.130437
0.635512
-0.0163204
0.314713
-0.461828
-0.40494
0.890708
-0.524464
0.116013
0.0311605
-0.363289
0.0823671
-0.34731
0.611891
0.181741
-0.185891
0.0850022
0.4861
-0.717503
0.660992
-0.690154
0.373812
-0.0865571
-0.55969
0.162161
0.154432
0.402661
-0.489213
-0.453473
1.09963
-0.64229
0.316436
-0.552375
0.740081
-0.888121
0.38729
-0.9145
1.01308
0.192213
-0.197335
0.149292
0.15588
-0.955221
0.649564
-0.342357
0.618213
0.0997767
-0.315178
0.0350638
0.337203
-0.151808
-0.0906678
-0.0435371
0.216449
-0.25353
0.401226
-0.356265
0.851016
-0.483616
-1.04315
0.583564
-0.297379
0.0427909
0.840455
-0.528872
-0.418248
0.664808
-0.399288
0.545754
-0.717033
1.01728
-0.230264
-0.357398
0.0935681
0.183724
-0.173
-0.204443
0.258318
-0.342848
0.304231
-0.760668
0.773162
0.178856
-0.68027
-0.315886
0.838187
-1.30213
0.569562
1.22439
-0.903762
-0.374897
0.0900676
0.411039
-0.129557
-0.477343
0.512995
0.023039
0.0396661
0.218978
0.0770634
0.365047
-0.151568
-0.486627
0.425381
-0.54485
-0.425019
0.657638
0.1364
-0.398774
0.487668
-0.538728
0.747744
-0.658137
-0.448409
0.0441834
0.808936
-0.259174
-0.467788
0.414237
0.33406
-0.302546
0.337966
-0.320679
0.709812
-0.872795
0.26832
-0.0387575
-0.228262
0.074905
-0.24495
0.136637
0.781987
-1.14194
-0.0409139
0.158487
0.182755
-0.0607207
-0.41529
0.861687
0.549208
-1.06708
0.628292
-1.31048
1.38129
-0.296482
-0.068437
-0.100632
0.00826402
-0.160481
0.891254
-0.65697
0.59807
-0.00735217
0.31264
-0.547417
-0.573222
-0.411469
0.723993
-0.31025
0.578288
-0.268038
0.285664
-0.276244
0.0800664
-0.224051
0.464135
0.0818907
0.0395085
-0.440186
0.520497
-0.291309
-0.045005
-0.601277
0.929745
-0.444452
0.160411
0.260268
-0.00522622
-1.17254
0.0463865
0.863673
-0.137114
-0.708875
0.360806
0.313849
0.244763
-1.27277
0.468736
0.0945675
1.01591
-0.144569
-0.599859
0.396349
0.174263
-0.932201
1.07961
-0.391487
-0.111737
-0.340591
0.907147
-0.0658868
-0.503875
-0.391668
0.874414
-1.08059
0.324209
0.120217
0.359463
-0.551068
-0.0017998
-0.322065
0.416156
-0.623759
1.25703
-1.13797
0.123545
0.65224
0.24231
-0.478815
0.465915
-0.799733
1.03716
-0.660738
0.154141
0.145824
-0.759228
0.330214
-0.425845
0.388502
-0.403248
0.153438
0.122019
0.509858
-0.664733
-0.44447
1.41287
-0.861521
0.139729
0.701989
-0.401628
0.108239
-0.0245618
-0.0213242
0.257436
-0.512151
0.620898
-1.18577
1.53706
-0.27727
0.321689
-0.770663
0.24512
-0.757526
0.805948
-0.624309
0.440127
-1.07266
1.5202
-0.893454
0.564736
-0.66067
0.0603701
0.694822
-1.17487
0.67281
0.720222
-0.935778
-0.522392
0.590252
-0.424499
0.817928
-0.220262
-0.213394
-0.287864
0.333819
0.233723
-0.681653
0.722059
-0.31388
0.499562
-1.27771
0.554006
-0.112166
0.429903
-0.667898
0.636238
0.267817
0.0510208
0.238908
-0.42554
-0.0999336
-0.107803
0.614509
-0.30103
0.512294
-0.687947
0.107771
-0.0853099
0.578725
-0.497603
-0.926516
0.845625
-0.389321
-0.331463
0.902214
-0.436137
0.0504154
0.709028
-1.14975
0.978351
-0.55069
0.384313
-0.201955
0.258691
-0.533518
0.548441
-0.705945
0.904587
-1.0155
1.27103
-0.518996
-0.199101
0.359146
-0.543997
-0.582655
1.14754
-0.627282
0.196383
-0.512002
1.06162
-0.684885
0.188747
-0.137825
0.468756
-0.0504224
-0.189253
-0.122908
0.402338
0.386527
-0.117682
-0.203523
-0.743771
0.583702
0.0466307
-0.0171395
0.727294
-1.0574
0.0715554
-0.63875
0.549764
-0.145361
0.705415
-1.0203
0.550204
0.253176
0.642403
-1.17941
0.587066
0.166856
-0.416856
-0.337192
0.773977
-0.192155
-0.218145
-0.711017
0.589394
0.209524
-0.272234
0.00580101
0.581344
-0.325565
0.127049
-0.226338
-0.563103
0.28706
0.685579
-0.276712
0.71088
-1.33085
0.540221
-0.280526
0.0986908
0.199866
0.458145
-0.0854302
-0.35664
-0.355919
0.924189
-0.088754
-0.964302
0.731679
-0.466759
0.315243
-0.800916
0.114185
0.688434
-0.402354
-0.123289
0.301666
-0.209342
0.141124
-0.292789
0.507798
-1.03495
1.45618
-0.286664
-0.126639
0.151692
0.131522
0.023675
-0.0991164
-0.0211893
-0.0923024
-0.317872
-0.015165
-0.107321
0.620308
-0.454425
-0.808456
0.127335
0.421388
0.130076
-0.461641
1.10031
-0.431651
-0.141345
-0.590666
-0.127088
0.619147
-0.013339
0.290427
0.106872
-0.0389866
0.290199
0.248059
-0.0846178
-0.163441
0.045045
-0.504952
0.376468
0.198739
0.421344
-1.11751
0.659624
-1.12626
0.0249966
0.152567
0.321921
0.618311
-0.235548
-0.324973
0.0990487
-1.03403
0.995523
0.19603
-0.267723
-0.701302
0.996526
0.0222998
0.18601
-0.0736518
-0.682826
0.391274
0.247309
-0.665363
0.430915
-0.56058
0.59159
-0.472538
0.62549
-0.502467
0.180549
-0.640514
0.33453
0.649846
-0.253222
-0.296726
0.893394
-0.225444
-0.929063
1.14118
-0.41991
-0.524871
0.0299544
0.505869
0.231773
-0.139953
0.339586
-0.291126
0.36504
-1.02184
0.751212
-0.561198
0.416747
-1.09483
0.57585
0.274813
0.0745962
-0.594441
0.852209
-0.368803
-0.18517
-0.412742
0.787419
-0.197416
-0.24531
0.270627
0.137337
0.352281
0.0208357
-0.363178
-0.0103314
0.331948
-0.377037
-0.311866
0.181388
-0.821675
1.37542
-0.921006
0.722076
-0.573081
0.698812
-0.954858
0.46833
-0.447343
0.936255
-0.655949
0.987511
-0.0620339
-0.0409883
-0.435144
-0.224318
0.222835
-0.650462
-0.126041
0.707727
-0.174826
0.940111
-1.91837
0.863794
0.0930323
0.435729
-0.797689
0.258242
-0.300713
0.559334
-0.567808
0.707549
-0.845626
0.678791
0.718095
-1.05403
1.02319
-1.15406
-0.215514
0.755426
-0.435757
0.497905
-0.357176
0.540949
-0.90412
0.567118
-0.225219
-0.645819
1.32727
-1.02456
-0.345498
1.10076
-0.928794
0.154286
0.332769
0.519436
-0.173544
-0.0759761
0.316679
0.0967248
0.127105
-0.106239
-0.0245536
-0.84339
0.972943
-0.479589
0.197527
-0.528082
-0.303799
1.26655
-0.416863
0.117595
-0.446338
-1.00057
1.10105
0.43037
-0.607654
-0.745695
0.395665
0.140258
0.484863
-0.890185
0.353952
0.0738185
-0.225547
0.79675
-0.262542
0.463344
-0.228109
0.173692
-0.300132
0.206103
-0.271118
0.190254
-0.0582918
0.340539
-0.497325
0.051564
0.0585216
-0.0425901
-0.108622
-0.256232
0.171051
0.0466999
0.00274778
0.174868
-0.583696
0.41067
0.0052605
0.364978
-0.624381
0.768494
0.255272
-0.571126
0.428893
-0.412054
-0.209764
0.80184
-0.924984
0.0311211
-0.124687
0.362277
-0.414605
0.629396
-0.344819
0.313145
-0.129891
-0.774194
0.81766
-0.255152
-1.01343
1.14242
-1.12406
0.739935
0.101599
0.521818
-0.839207
0.317389
0.373175
0.345341
-0.313079
-0.0837485
-0.388484
-0.121649
0.122925
0.0881863
-0.401727
0.463411
-0.390658
0.879013
-0.619376
0.53064
-0.0996199
-0.0191261
0.469797
-0.637604
0.276951
0.166078
-0.115084
-0.0400963
-0.0239933
0.258355
-0.670912
0.483825
-0.376881
-0.984249
0.372422
0.573178
-0.47675
1.01625
-1.27072
0.44174
0
0.2374
-0.147991
0.527463
-0.605591
0.666377
-0.495095
0.384142
-0.172037
-0.241111
-0.529237
0.909448
-0.0688943
0.196116
-0.566111
0.284133
-0.105905
0.613454
-1.53745
1.02548
-0.521863
1.12392
-1.01319
0.300374
-0.0669093
0.291915
-0.268134
-0.360488
-0.00483639
0.585988
0.17491
-0.842138
0.150787
0.192928
0.103325
0.48673
-0.192302
0.132492
-0.505784
0.690533
-0.283686
0.507482
-0.939351
0.120103
0.573662
-0.517954
0.332719
-0.0949755
0.295252
0.00967285
0.115904
-0.69897
-0.673888
0.855119
0.0157943
-0.815504
0.331336
0.417911
-0.0145967
0.18537
-0.199492
0.0137883
0.364103
-1.25634
1.32561
-0.0866564
-0.0555766
-0.891275
0.789953
-1.07546
0.895091
-0.877509
0.315412
0.631436
-0.102157
-0.220899
-0.0145775
0.28746
-0.178578
-0.175855
0.575926
0.204595
-0.444571
0.256298
-0.699216
0.023659
0.269924
0.153452
-0.391411
0.132326
-0.0254348
-0.110515
0.00657293
0.763738
-0.311534
-1.18645
-0.000389577
1.40922
-0.897138
0.345149
0.1026
-0.267715
0.857409
-0.440669
-0.396871
0.124983
0.0768688
0.660295
-0.619009
0.245503
-0.223658
-0.239507
0.0011362
0.573179
-0.132065
-0.13407
-0.66416
0.827464
-0.581416
0.253712
-0.0626085
0.414495
-0.162255
0.300114
-0.0345744
-0.092494
-0.48255
0.287457
0.188317
-0.885716
-0.174026
0.737715
0.445623
-0.0890955
-0.149924
-0.129977
-0.0751294
0.98879
-0.41433
-0.428675
-0.325929
0.310038
0.204293
-0.40881
-0.243012
0.327823
-0.0349645
-0.662511
0.951172
-0.288661
0.114146
-0.0955392
0.0150439
0.0778711
-0.200673
0.519322
-0.0670246
-0.591184
0.752809
-0.0288326
-0.183841
-0.712621
0.309234
0.942911
-0.569599
0.380289
-0.86661
-0.0365964
0.0974333
1.01419
-0.730833
0.259764
-0.558695
0.787369
-0.209462
0.285387
-1.21487
0.153015
-0.00957622
0.612081
-0.590344
0.753297
-0.258082
0.144019
0.0292246
-0.00212367
-0.837712
0.896127
-0.495625
0.522621
-0.579431
0.953293
-0.00243302
0.125748
-0.789086
0.630633
-1.00747
0.942783
0.0384942
-0.870518
0.325845
0.584585
-0.690764
0.334217
-0.399776
-0.272866
0.00272283
0.787092
-0.415385
0.666528
-0.0997641
-0.292411
-0.0312509
0.0686001
-0.465368
0.247757
0.275604
-0.0257262
0.147265
-0.411898
-0.295907
0.0455667
-0.00875656
0.572335
-0.14221
0.365543
-0.14186
-1.23252
0.224924
0.288712
0.549738
-0.351663
0.446374
0.499635
-1.8015
-0.151127
0.106398
0.527621
0.651795
-0.352329
0.0374694
0.131654
-0.0778352
-0.385436
-0.641335
0.346343
0.582556
0.271323
0.159541
-0.446157
0.26016
0.606814
-0.800985
0.0719425
0.10307
-0.0482707
-0.171245
0.465391
0.0500156
-0.302942
-0.037444
-0.136523
-0.354378
0.322558
-0.21603
0.479899
-0.135884
-0.0420205
-0.560438
0.472696
0.0815137
0.129241
-0.0740264
0.222209
-0.686447
0.678855
-0.690566
-0.268032
1.19822
-0.554377
0.302964
0.372017
-0.462328
0.408926
-0.576893
-0.197201
0.237265
-0.200915
-0.729056
0.665073
-0.0466914
0.274866
-0.276009
0.386422
0.0669983
-0.819435
0.163946
0.374182
0.475803
-1.13491
0.823289
-0.517562
0.933197
-0.404766
-0.256337
0.448819
-0.158143
0.217392
-0.619829
1.26308
-0.806734
-0.411823
-0.195905
0.0823326
0.0640003
0.0210579
0.512385
-0.113252
-0.560337
-0.00069181
0.784769
-0.634752
0.462361
-0.0625253
0.354795
-0.456521
-0.550362
0.766429
0.207081
0.487524
-1.78022
0.561898
-0.594927
0.750836
0.210875
0.232538
-1.13267
1.69789
-0.279579
0.00183635
-0.69583
0.603359
-0.154232
-0.611472
0.871252
-0.159336
0.238138
-0.752189
0.475715
-0.27083
-0.110432
0.519641
-0.144352
-0.229261
-0.15738
0.254202
-0.378348
0.422021
-0.403323
0.645636
-1.20475
1.13468
-1.25877
1.45775
-1.05891
0.39178
0.0687857
-0.261125
0.369656
-0.710806
0.613013
0.080476
0.0883306
0.300164
-0.0364889
-0.382393
-0.193437
-0.190768
0.622406
-0.57346
0.474842
-0.115863
0.433109
-0.274258
-0.265472
-0.689161
-0.216104
0.891323
0.137611
-0.215867
-0.142271
0.138104
0.424371
-0.841605
0.768653
-0.0406791
-0.316162
0.143807
-0.0503848
0.540608
-0.345533
-0.232195
-0.454543
0.330341
0.13038
-0.0783508
-0.385632
0.185426
0.710793
-0.00535346
-0.920366
0.305689
0.180882
-0.147665
0.338708
-0.310062
0.074366
0.257933
-0.17729
-0.0444783
0.459931
-0.0731364
-0.593191
0.260289
0.0124132
0.812494
-0.25809
-0.62191
-0.212894
0.157635
-0.190134
-0.25216
-0.0238618
0.456974
-0.0452616
-0.00756274
0.0912329
0.395129
0.210783
-1.42295
0.167782
0.753851
0.00869781
-0.342476
-0.0238242
0.350485
-0.451133
0.41278
0.353736
-0.0326014
-1.45806
0.253909
0.347077
-0.185888
0.498279
-0.535126
0.47843
0.143074
-0.674545
1.14997
-0.674166
-0.461001
0.622548
0.377658
-0.0848548
-0.253912
-0.0455871
-0.0147403
0.0974456
0.230243
-0.159916
0.434453
0.13404
-0.998472
-0.0747616
0.576807
-0.479119
0.118438
-0.224385
0.726924
-0.402909
0.319779
-0.373001
0.790536
-0.319478
0.638879
-1.5907
0.908118
0.154372
-0.202129
0.295742
-0.150145
-0.12552
0.0636508
-0.515067
0.841419
-0.205826
-0.20525
-0.68012
0.310913
-0.355463
1.46503
-0.974833
0.180855
-0.214694
0.388299
-0.982053
1.09421
-1.12423
1.48658
-0.985142
0.194352
0.276605
-0.0675167
0.381512
0.0993847
-0.79472
0.470046
-0.561279
-0.10895
0.737339
0.275509
-1.21522
0.356339
-0.144549
0.44528
0.210667
0.0679971
-0.134736
-0.130918
-0.564467
0.757788
-0.253725
0.580426
-0.0771423
-0.363206
-0.0566523
-0.333018
0.475919
-0.437077
-0.120973
0.498037
-0.0599473
0.151695
-1.32353
1.53596
-0.512005
-0.244562
-0.305502
0.83629
-0.723877
0.239154
0.144869
-0.12424
0.391219
-0.173703
0.161568
-0.137213
-0.125712
-0.154565
0.428832
-0.248215
0.43372
-0.482154
0.317343
-0.276231
-0.167799
-0.0666691
0.364274
-0.507111
0.445022
0.210596
-1.29723
1.3416
-0.869632
0.119252
0.0857554
0.241265
-0.132506
0.207347
0.187645
-0.570354
0.432051
0.156564
-0.253009
0.200674
0.155197
0.219324
-0.610029
0.364103
-0.121151
-0.150737
-0.197085
0.495998
-0.701749
0.174541
0.424257
-0.345953
-0.348662
0.896806
-0.663588
0.57245
-0.288808
0.0979072
-0.675554
0.927346
-0.700552
0.724997
-0.0857669
0.0234094
0.564271
-0.954427
0.0962175
0.282739
-0.375617
0.435255
-0.898756
1.51948
-0.966542
-0.456664
0.394714
0.600673
-1.18974
0.759055
0.156161
0.0359198
-0.232673
0.375797
-0.819506
1.03547
-0.254808
0.103786
-0.0421294
-0.550049
0.0654095
0.492745
-0.129348
-0.0207552
0.142668
0.133057
-0.0864046
-0.46527
-0.381742
0.964553
-1.40338
1.11075
-1.36079
1.83247
-0.23837
0.226711
-0.883229
0.667754
-1.51934
1.0832
-0.211396
0.681202
-0.245599
0.308621
-0.643005
0.575277
-0.674917
0.310026
-0.420071
-0.399718
0.366044
0.615922
-0.448205
0.529268
-0.563628
0.483152
0.0861718
-0.319274
-0.86416
0.105509
0.582102
0.383427
-0.892236
0.683644
0.0420091
0.0145673
-0.152596
-0.674885
0.410473
0.281193
0.0970526
0.106554
-0.416932
-0.0832624
0.0799598
-0.341982
0.30706
0.458818
-0.649881
0.252033
-0.0707649
0.581913
-0.660313
1.02551
-0.90927
0.881155
-0.939147
0.316515
-0.255959
0.685965
-0.11675
0.0483795
-0.294946
-0.133327
0.274795
0.0791813
-0.0497525
0.0656134
0.0430734
0.297613
-0.881994
-0.00249388
0.165302
-0.230495
0.226356
-0.833545
0.885148
-1.10607
1.09041
0.376924
0.202524
-0.287002
0.0389866
-0.345736
0.157811
-0.11847
0.148266
-0.330632
0.32731
-0.280058
0.422725
-0.655377
0.958711
-1.03939
-0.610366
0.0880999
0.316514
0.618936
-0.0855082
-0.000448421
0.140296
-0.0648634
-0.409463
-0.0598572
0.230377
-0.102654
0.439576
0.188116
-0.643429
0.848271
-0.0978997
-0.0630695
-0.0893209
0.0423682
-1.10415
0.236487
0.268301
0.411334
-0.314906
0.543667
0.0142779
-0.0550061
-0.321756
-0.406392
0.0748788
0.191595
-0.30103
1.11069
-0.717491
-0.0445981
0.902105
-0.628389
0.476012
0.0467434
-0.894366
0.799435
-0.22893
-0.0491971
-0.0446586
-0.191683
0.648087
-0.564762
-0.0179932
0.159153
-0.225697
0.00303491
0.149368
0.093061
-0.416893
-0.000814411
-0.110408
0.567067
0.0996841
0.340085
-0.480845
-0.241522
0.0327925
-0.283656
0.233597
-0.199757
0.630421
-0.232573
0.108816
-0.160837
-0.230905
0.583497
-0.152781
-0.00322421
-0.25104
0.285107
-0.898111
0.795814
-0.185684
-0.0711714
-0.06586
-0.0302591
-0.390818
1.35641
-0.147412
-0.639281
-0.54653
0.324093
-0.628091
0.638798
0.097023
-0.182445
0.407032
0.115414
-1.09136
0.0535242
1.07726
-0.0675262
-0.87691
0.27572
-0.608253
0.52941
-0.0964743
1.07293
-0.933912
0.426904
0.0272213
0.183944
-0.296659
-0.133349
-0.0972546
-0.187199
-0.230271
0.444833
0.349486
-0.783112
0.711794
-0.265702
0.846043
-0.262277
-0.443002
0.565055
-0.545299
-0.0584356
-0.19714
0.538418
0.0552317
0.218884
-0.538831
0.297909
-1.04
1.09158
-0.256474
0.193181
0.106792
0.0844215
-0.620062
0.234963
-0.0435328
0.550165
-0.0774815
-0.582712
-0.152198
0.190706
0.0281909
-0.216977
0.0113455
0.484183
0.135845
-0.457464
-0.218598
-0.126711
0.289051
0.00530899
-0.0416038
0.00659165
0.510279
-0.212877
-0.0343042
-0.217983
0.279467
0.463757
-0.0496878
0.020427
-0.654168
-0.00864297
0.543133
0.109946
-0.527783
-0.362952
-0.0168429
-0.0870961
0.0228793
-0.107887
-0.0833833
0.339819
0.163797
-0.265774
0.16697
-0.143934
0.429905
0.261151
0.0662076
0.113599
-1.03369
0.310771
-0.154372
-0.247113
0.391847
0.246209
-0.105231
-0.0874628
-0.0459918
0.0818882
0.471557
-0.301783
-0.708499
0.749929
-0.445944
0.258547
-0.129087
-0.998218
1.24983
-0.193106
0.0949146
-0.00424535
-0.0398024
0.247883
-0.345102
0.172511
0.58322
-1.08567
0.142491
0.505657
0.415829
-0.162518
-0.944343
0.780946
-1.32655
1.03188
-0.100735
0.182055
-0.185637
0.335512
0.078455
0.518188
-1.52279
0.655697
0.16526
-0.100744
-0.0378828
-0.443552
-0.141262
0.779299
0.120233
0.291508
0.213214
-0.173806
-0.850628
0.266106
-0.709403
1.46263
-0.775892
0.0799747
-0.52172
1.28713
-0.703311
-0.196544
0.0979101
0.0764365
-0.30252
0.096399
0.23865
-0.478192
0.618965
0.154664
-0.0155957
0.116093
-0.867796
-0.101203
0.163696
0.464613
-0.059246
-0.473253
0.713412
-0.460411
0.464587
-0.0171409
0.0335313
0.398303
-0.870311
0.329631
-0.538198
0.435673
-0.24791
0.977257
-0.479331
-0.160379
0.0511525
0.0699093
-0.623824
0.36506
0.0059595
0.494335
-0.680802
-0.119596
0.110178
0.692567
-0.581268
0.390898
-1.14433
1.30844
-1.03561
0.373386
-0.128122
0.454217
-0.828508
0.857014
-0.123983
0.66887
-0.813649
-0.288661
0.562361
-0.119385
-0.721674
1.03374
-0.0827498
-0.131464
0.0730284
-0.135526
0.511656
-0.942599
0.161992
-0.758623
1.12906
0.0284886
-0.391762
-0.360265
0.97572
0.083515
-0.711723
-0.329104
0.966652
-0.459276
0.0846073
-0.466364
0.433137
-0.281743
0.434483
-0.296046
-0.143127
-0.155538
0.908159
-0.095468
-0.243451
-0.713459
0.472783
-1.23258
1.0842
0.656253
-0.879715
1.01878
-0.124588
-0.885794
0.705169
-0.278607
-0.208346
0.831741
-1.57946
0.576402
0.0172528
0.0110808
0.793043
-0.345169
0.0543577
0.0184834
-0.108725
-0.210271
0.329369
-0.0109125
-0.271778
-0.358698
0.641388
-0.0141335
-0.918007
0.447352
-0.170139
0.353622
-0.906733
0.774267
0.30103
0.475496
-0.827543
0.474955
0.178529
-0.392199
-0.148715
0.310992
0.0151372
-0.299786
0.4734
-0.141658
-0.23158
0.0763038
0.285958
-0.430104
-0.105731
0.598706
-0.509047
0.257035
-0.512853
1.02755
-0.562041
0.143787
-1.05646
0.892207
-0.247471
-0.355288
0.352807
0.212064
0.464124
-0.533733
0.0422678
-0.0484677
0.0536606
0.1082
-0.0665637
-0.0607145
-0.100693
-0.30314
-0.271438
0.765729
-0.705893
1.04823
-0.159214
-0.719503
0.063104
0.837843
-0.220897
-0.938862
0.311955
0.0583969
0.171028
0.527017
-0.276885
-0.0484761
-0.353435
0.140932
0.196422
-0.269573
0.198239
-0.456393
0.534089
-0.114764
-0.232486
1.07758
-0.945004
0.438302
-0.642965
0.129846
0.834267
-0.380627
-0.257346
0.491132
0.00537281
-0.443409
-0.264126
0.569724
-0.287369
0.090776
-0.228555
0.0906699
0.572137
-0.363744
-0.680218
0.458663
0.0650358
0.662553
-0.555165
0.280906
-0.164502
-0.730672
-0.0559901
0.292132
0.0970477
0.583424
-0.431429
0.158076
0.0553896
0.0941248
-0.220657
0.352481
-1.19638
0.388807
0.0666447
0.0196231
0.17127
-0.200382
0.116432
0.73427
-1.12305
1.09151
-0.956335
0.170731
0.203948
-0.0775749
-0.0184547
-0.275038
-0.261056
0.815002
-0.194807
-0.468114
0.212129
0.221305
0.143519
-0.203174
0.0151093
0.524143
-0.861492
0.701333
-0.327025
-0.330459
0.680765
-0.0263609
-0.106122
-0.55881
1.10529
-0.152923
-0.575483
0.149143
0.227081
-0.083546
-1.03179
1.38436
-0.417296
-0.132883
-0.0521718
-1.04539
1.52661
0.19316
-0.661081
0.0171293
-0.0120004
0.217621
0.197656
-0.0348836
-0.975493
0.697277
-0.24386
-0.540581
-0.0364619
0.399276
0.0801131
-0.249265
0.938378
-0.438087
-0.0427227
0.463218
-0.0301274
-0.699888
0.66038
-0.312759
0.558076
-0.469259
-0.162231
-0.653691
0.312865
0.81594
-0.232363
-0.137205
-0.120241
-0.015556
0.050851
0.192992
-0.883625
0.0916728
0.0760208
-0.0443086
0.469434
0.293635
-0.777441
0.315565
0.567386
0.104516
-0.2166
0.105499
-0.004139
0.00058892
-0.164748
0.0941966
-0.0205448
-0.138693
0.00313571
0.135558
-0.022348
-0.0357036
-0.235266
0.0504843
-0.169116
0.0906181
-0.159911
-0.0784444
-0.110138
0.998979
-1.02717
0.341237
-0.447038
0.991526
-0.696016
0.182437
0.0725096
0.242971
-0.0755901
-0.0520227
-0.0713453
-0.332191
0.0192303
1.0052
-0.821652
0.599222
-0.462068
0.19262
-0.594864
0.409818
-0.267527
0.149675
-0.15979
-0.144026
0.707385
-0.0474654
-0.510048
0.605506
-0.287305
0.0916704
0.223532
-0.435869
0.250049
-0.676501
0.70784
-0.283445
-0.114101
0.651933
-0.880161
0.783074
-0.437658
0.524258
-0.384436
-0.105727
0.21355
-0.231066
-0.00107165
0.506168
-0.4605
0.294246
-0.173351
0.160662
-0.315564
0.343138
-0.484925
0.974956
-1.0641
1.11153
-1.18545
1.10212
-0.862472
0.973838
-0.639384
0.601039
-0.351048
-0.626353
0.235005
-0.898593
0.902671
0.0205937
0.411628
-1.04286
0.491508
0.102681
0.261631
-0.0465428
-0.246888
0.916287
-0.611575
0.557379
-1.55543
1.49231
-0.978055
1.04361
-0.928844
0.876068
-0.964914
1.03766
-0.242307
-0.564271
-0.316311
-0.175449
0.0472022
0.260694
-0.295643
0.93561
-0.0443875
-0.404882
-0.160417
0.335093
-0.564932
1.26816
-0.732507
0.654346
-0.40804
0.471172
-1.1549
1.00835
-0.975499
1.04139
-0.764442
0.784529
-1.42106
-0.0359002
0.197424
0.817175
-0.0073611
-0.255374
-0.200877
0.417855
-0.452494
0.0295635
0.395424
0.0659028
-0.240948
0.632997
-1.63373
1.66887
-1.67448
1.65306
-0.552935
0.48632
-0.329929
-0.801583
0.607838
-0.205683
-0.763479
0.866092
0.47948
-1.22852
-0.278793
0.604938
-0.249188
0.69827
0.428475
-0.978147
0.53784
0.00834737
-0.0795116
-0.390277
0.369323
0.124415
0
-0.0900456
0.261966
-0.0429465
-0.252207
0.101271
-0.540352
1.21605
-0.891731
-0.41376
0.076294
0.852541
-0.273926
0.315517
-0.134917
0.374964
-0.32231
-0.691686
0.631106
-0.710287
0.612279
-0.360664
-0.646237
0.495838
-0.0151867
-0.313806
0.679921
0.0136485
-0.428088
0.194676
-0.0819164
0.611466
-0.71341
0.54236
-0.483242
0.649017
-1.06961
0.681033
-0.313527
0.667679
-0.60024
0.659849
-0.470277
0.197461
-0.44429
0.229615
-0.249067
0.297815
-0.207102
0.184758
0.353385
-0.759699
0.425969
0.19196
-0.869992
0.295787
0.103386
0.552615
-0.586685
0.446897
-1.21682
0.938739
0.118731
0.370089
-1.17708
1.36748
-0.45553
-0.0536942
-0.53736
0.41109
-0.10716
0.0629479
0.169772
-0.297643
0.310619
-0.043152
-0.0758002
0.513067
0.255454
-0.14915
-0.0080321
-0.773962
0.569274
0.0064341
-0.280758
-0.117038
-0.182859
-0.332667
0.664661
-0.267907
-0.444818
1.06776
0.025582
-0.936536
0.457144
-0.402703
0.0549299
0.0132777
0.307216
0.0966062
-0.724118
1.04456
-0.651179
0.19382
0.0918844
0.168963
-0.347217
0.109696
0.0237247
-0.0369647
-0.372248
0.0190591
-0.866215
1.11597
0.0843049
-0.627606
1.22027
-0.645235
-0.366291
0.361986
0.15
-0.182983
-0.317159
0.542107
-0.619655
0.86744
-0.864407
1.14434
-0.216575
-0.859056
0.195771
0.208985
0.137272
0.206537
-0.458101
0.273667
-0.0714258
-0.695632
0.384451
0.489724
0.296626
-0.309707
-0.570517
-0.176049
0.217903
-0.00323735
0.391606
-0.239718
0.507824
-0.658307
0.497425
-0.135317
-0.281659
0.112642
-0.0936057
0.201404
-0.820719
0.728105
-0.762887
0.920296
0.205297
-0.318486
-0.976716
1.27624
-0.00942538
-0.171982
-0.252142
-0.0962442
-0.370403
0.40203
0.375365
0.0699812
-0.476529
0.654623
-1.23534
1.09917
-0.20995
0.0481096
0.0343412
0.0243733
-0.788819
0.978823
-0.474725
0.286654
-0.0237461
-0.165447
-0.685532
1.46949
-0.645181
0.0871885
-0.136382
0.0413311
-0.137625
-0.137045
0.281154
0.493948
-0.233904
0.0271119
-0.486565
0.151902
0.233511
-0.391668
-0.121876
0.495457
-0.623779
1.11479
-0.912588
0.211741
0.262514
-0.0157126
-0.733698
0.875112
-0.210089
-0.143701
-0.257146
0.316444
0.611855
-1.27245
-0.334299
0.310982
0.804099
-0.563481
0.353336
0.00666451
-0.205158
0.142158
0.172647
0.391809
-0.734044
0.0377205
0.303282
0.39712
-0.780365
0.592153
-0.615786
0.759266
0.0733073
-0.787887
0.299962
-0.037136
0.0650461
-0.0986513
0.414732
-0.80468
0.186055
0.732961
-0.254704
-0.216587
-0.143606
0.017202
0.0187191
0.266849
-0.423847
0.338239
0.221985
-0.30947
-0.315982
0.23591
-0.0535555
0.614779
-0.0451497
-0.902177
0.441165
0.392763
-0.123963
0.262363
-0.247458
-0.736374
0.800299
0.00779975
-0.548036
0.0398559
-0.315872
0.342895
0.122269
0.0358856
-0.326939
-0.426549
0.819868
0.167072
-0.290721
-0.655953
0.360321
0.32237
-0.21758
-0.166838
0.304181
0.603115
0.0172447
-0.244136
-0.153584
-0.35086
0.454757
-0.312067
-0.0976722
-0.286764
-0.295315
0.677577
0.229691
-0.54262
0.480165
0.0125305
-0.494407
0.460877
0.768391
-0.0735774
-1.09382
0.762823
-0.112253
0.348976
-0.581532
0.0924708
-0.562394
0.710686
-1.07947
0.517337
0.736501
-0.556131
0.558199
-0.928137
0.691813
-0.178092
-0.866515
0.703389
0.15326
0.232914
-0.174085
0.39217
-0.582617
0.0971262
-0.366016
0.613218
0.0748725
-0.944637
0.346568
0.163857
-0.245734
0.70727
0.130616
-0.818818
-0.0405058
0.327077
0.252978
-0.0933479
-0.0311615
0.225877
-0.666263
0.484666
-0.587796
0.434323
0.309804
0.185046
-0.885242
0.624666
-0.429322
0.630473
-0.399576
-0.0689635
0.0334485
-0.416078
-0.065699
0.267823
-0.308322
0.853413
-0.377095
-0.209277
0.538898
-0.386747
0.0934955
0.33503
-0.896138
0.599373
0.035328
0.310033
-0.0786536
0.260719
-1.53658
1.01599
-0.820741
0.863405
-0.461776
0.141946
0.226215
0.116208
0.311269
0.028547
-0.508537
0.0580328
0.165918
-0.237739
0.404358
0.528537
-0.667478
0.376047
-0.898517
-0.072645
0.237691
1.05183
-0.882405
0.360538
-0.60584
0.595338
-0.594773
0.644169
-0.282799
0.164977
-0.486722
0.415097
0.0446257
0.0276323
-0.115161
-0.846416
1.28405
-0.424801
-0.281041
0.0157554
0.126664
-0.625186
0.745659
-0.395048
-0.0962518
0.402145
0.255742
-0.269604
0.203665
0.0160411
-0.015435
0.120113
-0.200707
0.615361
-1.23106
0.336627
-0.495538
0.632749
-0.237342
0.648192
-0.735743
0.303618
-0.0942024
0.232851
-0.379655
-0.180178
0.550412
-0.0727657
-0.817617
0.00543182
0.213389
0.139508
0.595674
0.500962
-0.340241
-0.107405
-0.408068
0.301984
0.12926
-0.525764
-0.183506
0.194771
0.085165
0.0459172
0.0647348
-0.126634
-0.453247
0.775558
-0.764113
-0.109913
0.812654
-0.309366
0.105036
0.0681754
-0.246539
0.249316
-0.23134
0.51806
-0.292867
0.488563
-0.586266
0.0533515
0.475746
-0.400733
-0.0163904
-0.280691
0.368859
-0.0655093
0.247631
-0.387592
0.101508
-0.620664
0.701307
-0.303586
-0.166398
-0.0563603
0.74917
-0.0852554
-0.471387
0.0396137
0.223401
0.271565
-0.407258
0.296952
-0.0951929
0.294916
-0.313701
0.315849
-0.165188
-0.553979
0.815181
-0.292895
-0.0591878
-0.544807
0.715164
-0.554301
-0.92095
1.35684
-0.284571
0.419188
-0.361462
0.41338
-0.890323
0.144976
0.313218
0.135952
-0.336328
0.639454
-0.425618
-0.0602862
-0.0157288
0.106504
-0.0962327
-0.0811727
-0.441864
0.208328
0.134569
0.634589
0.445488
-0.309912
-1.36314
0.965552
-0.230697
0.790534
-0.702025
0.0661864
-0.192897
0.541329
-0.489892
0.399222
-0.0485298
0.103173
-0.541286
0.119049
0.0679038
0.30888
0.277118
-0.592388
-0.0712678
0.165017
-0.538123
0.201222
0.396583
-0.739746
0.817425
-0.604975
0.365747
0.363417
-0.492423
0.714272
-0.596028
0.322827
-0.452861
0.16507
0.698422
-1.14436
0.179891
0.341354
-0.480588
0.0198696
0.507528
-0.129458
0.305913
-0.00864297
-0.409342
0.427918
0.183409
0.353462
-0.961652
-0.00769787
0.536707
-0.65745
0.663164
-0.402518
-0.136384
-0.512315
0.923232
-0.501081
-0.455476
1.17097
-0.241909
0.170845
0.0389414
-0.0670631
-0.230285
-0.588921
1.22561
-0.64321
-0.183979
0.22291
-0.0911164
-0.00711973
-0.260537
-0.21066
-0.407241
0.273299
0.674268
0.378311
-0.918159
-0.341705
0.700114
-1.0277
1.00228
0.101823
0.518351
-1.00744
0.111924
0.324284
-0.423262
-0.12134
-0.249836
0.097835
0.555147
0.260962
-0.154599
-0.470254
0.526883
0.0633826
-0.37354
0.215431
0.369357
-0.358025
0.374853
0.0138264
-0.305889
0.090688
-0.423028
0.247806
0.0060076
0.110479
0.17253
-0.0536174
-0.549409
0.195709
-0.017077
-0.244854
0.00510514
0.831379
-1.15962
0.181938
0.213989
0.410489
0.126412
-0.18774
0.409588
-0.394554
-0.751072
0.472871
0.493397
0.114222
0.082338
0.145397
0.00204854
-0.357737
-0.196049
-0.209749
0.0336574
-0.0489584
0.348271
-0.846348
0.647016
0.102422
0.441165
-0.193685
-0.796526
1.02892
0.0941584
-0.494301
-0.392931
0.445413
-0.43003
0.0523054
0.0789735
0.0667737
-0.564249
1.32507
-0.877568
-0.385623
-0.439644
0.586642
0.0258683
0.507904
0.709694
-0.434541
-0.420079
0.548935
-0.466181
0.181186
-0.208779
0.603846
-0.56503
0.474853
-1.41449
0.148997
0.433325
0.264909
0.199004
0.334686
-1.13817
1.05364
-0.233221
-0.204498
0.010643
-0.313287
0.67851
-0.913845
0.589132
0.0151208
-0.23539
-0.135003
-0.478724
0.513542
-0.204573
0.885785
-0.114906
-0.0667178
-0.254406
0.746915
-0.897176
0.306294
-0.779367
1.27591
-0.876206
0.764649
-0.493643
-0.236447
-0.0929317
0.109411
0.0615814
0.0332342
0.506902
-0.100458
-0.998039
1.1068
-0.838566
1.05372
-0.596292
-0.679981
0.647279
-0.701226
0.716293
0.0833265
0.399124
-0.688517
0.133345
-0.0866998
0.300451
-0.0921008
-0.331014
-0.0654259
-0.10984
0.863878
-0.0126094
-0.643202
0.479957
0.195483
-0.516888
0.482584
-0.309873
0.836432
-0.930233
-0.616598
0.889531
-0.17643
0.393558
-0.698299
0.384057
-1.14824
0.163977
0.84908
-0.226824
0.159112
0.0195485
0.478724
-0.16935
-0.104774
-0.422593
-0.112538
0.384391
-0.362816
0.214237
0.298892
-0.762662
0.720805
0.121722
-0.202772
0.608211
-0.141257
-0.519854
-0.178739
-0.290243
-0.00164015
0.0741644
0.766431
-0.333477
0.550461
-0.320383
-0.688325
0.235718
-0.148927
0.445529
0.0795485
-0.224048
0.104879
-0.833552
0.932899
-1.20784
0.878678
-0.338456
-0.092029
0.34526
0.283074
0.2404
0.220227
-0.761034
0.214277
-0.448451
0.98719
-0.0306688
-0.267261
0.0473905
0.101145
-0.366006
-0.0388873
-0.302874
0.136665
0.247513
-0.172312
-0.0953891
0.993316
-1.51035
0.777956
0.223313
0.170986
0.028464
-0.286467
-0.373827
-0.230329
0.254516
0.478196
-0.447811
0.382019
-0.536537
0.234814
-0.242411
0.885356
-0.629819
-0.287618
-0.00982804
-0.0372283
-0.0263808
0.494242
-0.467089
-0.295758
0.934275
0.604466
-0.919194
0.012022
0.316355
-0.431015
0.217769
0.193403
-0.615338
0.76997
-0.613557
0.296938
-0.477121
1.02331
-1.11903
0.654696
-0.435886
0.301318
-0.246528
0.0840172
-0.711607
0.726549
0.182403
-0.0296087
0.457144
-0.180255
-0.739256
1.05035
-0.515004
0.37017
-0.385113
0.314937
-1.22943
1.64676
-0.805504
0.671647
-0.326111
-1.07146
0.809639
-0.394369
0.391642
-0.158051
0.126911
-0.574558
1.00296
-0.552231
-0.256091
0.325861
0.0261893
0.383068
-0.553987
-0.111318
0.692666
-0.501606
0.118099
-0.0616847
0.455228
-1.0035
0.855369
-0.189579
-0.356073
-0.131451
0.982598
-1.40249
0.560131
0.30297
-0.0199528
-0.240332
0.604917
0.43029
-1.03787
-0.211683
0.749254
-0.45885
0.80618
-0.497448
-0.420156
-0.0873888
0.790811
-0.128241
-0.0854082
-0.312038
0.609535
-0.681116
0.450903
-0.359872
-0.0893523
-0.638743
1.55399
-1.50298
1.07853
-0.685346
0.370222
0.0706923
0.272677
-0.275265
-0.221775
0.441662
-0.682768
0.0538754
0.372602
-0.188018
0.210991
0.0515549
0.186066
0.108175
0.00398072
-0.0617745
-0.0346554
-0.882009
0.822259
-0.46043
0.209647
-0.279841
-0.325808
0.946695
-0.49043
-0.0131283
0.674865
-0.443208
0.692406
-0.327359
-0.298039
0.064098
-0.367906
0.503237
-0.714435
-0.166736
0.606724
-0.224725
-0.362848
0.464079
-0.192951
-0.163911
0.809703
-0.545825
0.0833203
0.424908
-0.732525
0.437181
0.151745
-0.923953
0.827043
-0.466299
0.365028
-0.0434045
-0.52949
0.310677
0.247987
-0.191574
0.461398
-0.410496
-0.0450594
-0.0610241
0.387319
0.438474
-0.778544
0.0550263
-0.0571826
0.255233
-0.494484
-0.251411
0.417915
0.309379
-0.19522
0.102921
-0.267606
0.0366925
0.0966698
-0.100656
-0.164401
0.830665
-0.810984
0.658074
-0.196153
0.121656
-0.344163
0.226147
-0.075734
-0.0704415
-0.290946
0.83656
-0.230106
-0.229148
0.410423
-0.749145
0.138784
0.118831
0.0733594
-0.291977
0.174352
-0.419687
1.12786
0.428933
-0.969824
0.507837
-1.05418
1.30212
-0.636123
0.340579
-0.399043
0.382789
-0.560955
0.793269
-0.408996
0.490301
-0.367716
-0.590964
-0.00972412
0.0594241
-0.342525
-0.148546
0.788962
-0.297891
-0.263936
0.613986
-0.451883
0.249087
-0.142731
-0.00158875
-0.219532
0.209455
-0.102802
0.415953
0.380758
-1.2938
0.210541
0.590036
0.215224
0.278004
-0.542659
-0.134782
0.115463
0.314431
-0.0163904
-0.167467
0.264526
-0.671606
0.0988184
0.383732
0.253157
0.109391
-0.106793
-0.527372
-0.203894
0.225845
-0.351187
-0.0263716
0.378917
-0.336545
0.473998
-0.0860965
-0.45535
0.658613
-0.434144
-0.442349
0.741762
0.0374301
-1.09492
0.51337
0.500483
-0.77375
0.0694294
-0.206723
0.685256
0.326035
-0.818441
0.683307
0.0520888
0.600376
-0.847206
-0.0055083
0.606042
0.431592
-0.786307
-0.250193
0.486301
-0.954758
0.586201
0.156322
-0.192038
0.210197
-0.0127904
0.124219
-0.455332
-0.181047
0.357979
-0.161542
0.614598
0.460253
-1.56252
0.998248
-0.624322
0.0833269
0.161019
0.0973806
-0.193585
-0.18951
-0.0874048
1.16246
-1.39229
0.203733
0.239815
-0.0323242
0.180575
0.184538
-0.136098
0.179952
-0.361222
-0.00586779
0.24899
0.141193
0.00909116
-0.372664
-0.227198
0.17098
-0.128579
0.47689
0.278719
0
0.00932574
-0.0459594
-0.0864889
-0.350248
0.0293306
0.442724
0.0658531
-0.577686
0.379726
-0.214122
-0.167219
-0.149939
0.280554
-0.132826
0.482769
-0.39267
0.468333
-0.537703
0.282109
-0.0992383
-0.100482
0.574731
-0.643236
0.556172
-0.841625
0.0811428
0.205179
0.308267
-0.0625016
-0.0760423
-0.585849
0.346732
0.0208836
0.263955
-0.334526
0.223008
-0.0378116
0.0825879
0.227914
-0.124291
0.000778314
0.0640998
-0.347442
0.402733
-0.290389
0.59918
-0.714757
0.151721
-0.138017
0.464022
-0.217227
0.416296
-0.556196
0.396348
-0.738191
-0.0932656
0.140639
0.0332133
0.0995761
-0.166273
0.332495
0.0601074
-0.0139617
0.359107
0.0832978
0.414808
-1.00492
-0.163219
0.351599
-0.120902
0.0592353
-0.0882871
0.68301
-0.279225
-0.257425
-0.0508994
0.296139
0.124367
-0.854572
0.0291804
0.613251
-0.665957
0.41728
0.127495
0.451709
-0.420557
-0.563753
0.795724
0.117654
-0.154307
-0.916075
0.943112
-0.673512
-0.109159
0.343512
-0.275623
0.342032
-0.571227
-0.138152
-0.308341
0.566435
0.968645
-0.226949
0.287602
-0.651968
0.754766
-1.01295
-0.23328
0.331537
-0.0238029
0.232876
-0.0301493
0.077291
-0.27539
-0.185493
0.392202
-0.261084
0.532248
0.12269
-0.495281
0.0321406
-0.0361381
0.127727
-0.101564
-0.133852
0.718168
-0.403774
-0.239363
0.185238
-0.255811
0.449345
0.0598578
0.413913
-0.823658
-0.00522803
-0.238346
0.198306
-0.206693
0.582124
-0.0332452
-0.0648685
0.19242
-0.511192
0.342823
0.163899
-0.405094
-0.0528341
0.07313
0.199742
-0.347352
0.360454
-0.771787
-0.254628
0.580303
0.175199
-0.315833
0.548265
0.057514
-0.134305
-0.0520866
-0.174278
0.257276
0.015328
0.295113
-0.450582
0.171064
-0.559054
0.635714
-0.718653
-0.283586
0.492249
0.338838
0.350589
-0.288113
-0.26916
-0.279874
0.858894
0.146463
-1.18337
1.14241
-0.215693
0.035592
-0.404001
0.197248
-0.056275
-0.082796
0.16708
0.716751
-0.713001
-0.911942
-0.310477
1.67159
0.0143581
-0.201489
-1.02138
0.851258
0.0054629
0.278832
-0.298786
0.130221
-0.515219
-0.022145
0.226822
0.0945025
0.271005
0.141329
-0.263241
-0.279917
0.1745
0.417431
-0.15294
0.0365388
-0.597097
0.788075
-0.453601
0.551569
-0.238474
0.257419
-0.385025
0.105981
-0.00217689
0.250521
-0.758827
0.340988
-1.01742
0.754986
0.0531753
0.115711
-0.162653
0.218947
-0.711179
0.410828
0.311335
-0.0477921
0.186385
-0.573052
0.408376
-0.637761
-0.0254708
0.737811
-0.307205
0.323038
-0.128418
0.424107
-0.0966976
-0.0682803
-1.34839
1.18259
0.26581
-1.3124
0.440459
0.192609
-0.122396
-0.0525455
0.650154
-0.583676
-0.00533247
0.414062
0.405453
-0.797935
0.280925
-0.0724825
0.149895
-0.0967687
-0.2369
0.553755
-0.206822
-0.497043
-0.229364
0.288234
0.373991
-0.137474
0.208998
-1.14046
0.926908
0.389642
-0.48971
0.382049
0.219112
-0.349542
-0.189471
0.759668
-0.56177
-0.207746
0.281011
-0.0392389
-0.373104
0.0899576
-0.0416441
0.412334
-0.487109
-0.157994
0.507785
0.288585
-0.572392
-0.245774
0.245282
-0.0331443
-0.32598
0.8557
-0.901802
0.667676
0.169686
0.104292
-0.823288
0.46476
-0.176585
0.581498
0.0605096
-0.0902217
0.0366711
-1.26362
0.447339
1.23781
-0.559656
-0.137965
-0.264407
-0.187692
0.106343
0.38607
-0.369615
-0.339464
-0.163306
0.381885
0.354223
-0.0282994
0.206562
-0.41491
0.527509
-0.0413446
-0.109892
0.530286
-0.0375775
-0.313619
-0.258083
0.0752762
0.194816
-1.08646
0.279886
0.790639
-0.0369494
0.119835
-0.9653
-0.0073383
0.784538
-0.315907
-0.174605
0.202394
-0.294886
0.0456301
0.134895
0.0375203
0.414141
0.598147
-0.695843
0.362003
-0.96923
0.731252
-0.229711
0.0948388
0.46171
-0.01094
-0.178247
-0.457077
0.17923
0.307504
0.0212277
-0.967034
0.498867
0.0210659
-0.209056
0.0665616
0.17289
-0.0481584
-0.0605056
0.390671
-0.898636
0.281336
0.413919
-0.368716
-0.324594
0.762544
-0.0499457
-0.214438
0.664935
-0.0990869
-1.07962
0.584071
0.0965633
-0.166394
-0.19895
0.320593
0.338563
-0.413608
0.44837
-0.251812
0.0781897
-0.610519
-0.275205
0.00557628
0.864584
0.113466
-0.328088
-0.29383
0.679555
-0.452589
0.113269
0.0145108
0.355634
-0.11142
-0.81481
0.318691
0.094196
-0.103851
0.452665
0.270859
-0.370054
0.246575
-0.628303
0.237439
0.144289
-0.274986
0.0608299
-0.0276964
-0.538641
0.722398
-0.154793
0.553822
-0.804445
0.395382
0.157033
-0.407795
0.201582
0.230797
-0.725584
-0.0786748
0.549764
-0.437423
0.505719
-0.26809
-0.192965
-0.0694338
0.663565
-0.0204631
-0.317084
-0.579196
0.501806
-0.165898
0.0282788
0.955044
-0.423405
0.398849
-0.385952
0.392828
-0.517883
-0.107506
0.0156017
0.724077
-0.826008
0.519008
-0.479585
0.300049
-0.187381
-0.09691
0.0325179
-0.268254
0.66128
-0.359658
-0.130389
0.131873
0.306418
-0.59691
0.0142506
0.127149
-0.439755
0.631968
-0.240685
0.512497
0.122692
-0.515068
0.0133951
0.414819
-0.146414
-0.0213707
0.223211
-0.837452
-0.0847291
0.0319755
0.0673211
-0.170548
0.00807726
0.915495
-0.823941
-0.0133434
0.695884
-0.368443
-0.28259
0.493668
0.401686
-0.73475
0.357754
-0.631428
0.708622
0.0292608
-0.460883
0.0179755
0.192783
0.434855
-0.186482
0.0964733
-0.708788
0.297312
0.429864
-0.594452
0.390617
-0.26136
-0.513575
0.774936
-0.519376
0.503645
-0.366552
-0.0328274
0.58344
-0.52773
0.0179493
-0.0529148
0.263505
0.616248
-0.311249
0.294174
-0.307779
0.0348479
-0.404368
0.357829
-0.435946
0.108646
-0.0370799
0.17772
0.16039
-0.119356
-0.235962
0.0549969
-0.129115
0.440916
-0.253708
0.96797
-1.18684
0.661454
-1.14215
0.23127
0.0744268
0.12074
-0.0466787
0.690766
-0.312002
0.2156
-0.404
0.0801854
-0.245787
0.0982822
0.262583
0.20368
-0.201157
-0.0430287
-0.358
0.475742
-0.618736
-0.17322
1.08259
-0.528925
0.421005
-0.551765
0.729576
-0.40681
0.448376
-0.870996
0.385734
0.0341938
0.0978339
-0.501774
0.529998
-0.0900364
0.235179
0.0476417
-0.0569417
0.0769786
0.0179425
-0.145801
-0.223591
0.281271
-0.872102
0.628975
-0.195809
0.405951
-0.0470262
-0.181243
0.285602
-0.0732091
-0.113943
-0.0139087
0.00124622
0.488501
-0.767123
0.409705
-0.553921
0.405708
-0.0686573
-0.392857
0.463921
-0.640334
0.73175
-0.51663
-0.265228
0.398761
0.401861
0.422185
-1.39569
0.595934
0.049418
0.104647
0.371502
-0.4446
-0.112188
0.275129
0.318124
-0.48185
0.0993996
-0.135005
0.0268107
-0.187714
-0.0221933
0.166795
0.0651727
0.0874496
0.19719
-0.0382207
0.0346038
-0.126351
-0.019556
0.012308
-0.147423
0.91733
-0.515466
0.150362
-0.425127
0.405405
-0.926329
0.351015
0.209178
0.354361
0.113765
-0.16828
-0.250517
-0.164274
-0.116363
0.389781
-0.154104
-0.406947
0.373169
0.494066
-1.09668
0.658921
-0.396508
-0.0188207
0.241909
0.244026
-0.898928
0.287328
0.172357
0.0267114
0.325831
0.0139974
-0.0391809
-0.250403
0.470091
0.273398
-0.748613
0.512946
-0.257801
0.0566299
-0.281675
0.292693
-0.126164
0.114277
-0.155336
0.21832
-0.5331
0.728177
-0.307279
-1.16634
0.0844852
0.953248
-0.631869
0.908781
-0.534931
0.153676
0.433364
-0.710383
-0.206778
1.10605
-0.657729
0.747103
-0.127558
-0.867157
0.0435963
0.275902
0.292967
0.32851
-0.962643
0.0541703
0.25929
0.346608
-0.337961
0.102253
0.678265
0.160017
0.0571107
-1.04796
0.541344
0.179394
-1.0246
1.19411
-0.427598
-0.116003
0.260062
0.199218
-0.482024
0.0914055
-0.291631
-0.0827068
-0.101506
0.127445
0.260552
-0.552663
0.273158
-0.212835
0.329865
0.885324
-0.876632
-0.3137
0.51663
-0.0566766
-0.192324
-0.186678
-0.461366
0.215636
0.226879
-0.616317
0.498285
0.575574
0.0264864
-0.258592
-0.530401
0.0332776
0.138785
-0.120844
0.140561
0.110559
0.353494
-0.664707
0.50304
0.2959
-0.356869
0.460678
0.224356
-0.112181
-1.17326
-0.210543
-0.137433
0.994401
-0.352561
0.87413
-0.267502
0.263163
-0.0837619
-0.456217
-0.114479
-0.412094
0.403944
0.240978
0.0561272
0.0276568
-0.0814887
-0.0052286
0.24876
-0.2399
-0.333747
0.392972
0.171556
-0.210767
-0.218713
0.101126
-0.525756
0.151544
0.640643
-0.523465
0.60206
0.0866295
-0.887706
0.00540773
0.526869
-0.591679
-0.196713
0.011875
0.506726
-0.0586062
0.156323
0.248488
-0.572272
-0.184672
0.998948
0.0575229
-0.409048
0.41509
-0.288687
-0.447996
0.422173
0.254241
0.0141301
-0.627785
0.290051
0.0258971
-0.182493
-0.126797
0.0112724
-0.364291
0.333656
0.350192
-0.149222
0.0120995
0.0834454
-0.135421
-0.180229
1.14225
-0.587265
0.0742643
0.0637698
-0.151268
0.355979
-0.414427
-0.225027
0.1438
-0.0628781
0.0818054
0.165753
0.38288
-0.868967
0.0309084
0.186245
-0.0504948
0.35246
-0.727583
-0.015381
0.539078
-0.600105
0.448768
0.116845
-0.554798
0.182008
0.759172
-0.279446
0.16584
-0.306733
0.0307257
-0.10104
0.332169
-0.836929
0.202598
0.731546
0.0647934
-0.762543
0.420603
-0.265832
0.0871987
-0.815369
1.90317
-1.69226
1.61199
-0.792392
0.803387
-0.906901
0.816724
-0.843804
0.375056
-0.427503
0.13111
0.105938
0.103026
-0.524698
0.446145
-0.216784
0.374392
-0.354522
0.274211
-0.349879
1.01163
-0.899842
0.902728
-0.730782
0.62584
-0.915143
0.970867
-0.722614
0.692651
-0.48509
0.445896
-0.555567
-1.05349
1.21778
-0.479206
0.168874
-0.752657
0.838106
-0.0288949
0.202327
-0.752344
0.0625376
0.2986
-0.156257
0.956277
-0.239822
0.289448
-0.497221
0.577317
-0.166831
0.10067
-1.11176
1.17518
-0.679988
0.600351
-0.605457
0.140636
0.0158809
-0.852544
0.533688
-0.406015
0.337905
0.160771
-0.249577
-0.125884
-0.438486
0.860559
-0.17287
0.864942
-1.43321
1.41015
-1.50841
1.50345
-0.754487
0.721246
-1.26767
1.296
-1.05878
1.05393
-1.46298
0.406287
0.386654
-0.210774
0.427665
-0.751122
0.262263
0.167897
-0.616628
-0.154843
0.774321
0.262357
-0.495657
1.06671
-1.60094
1.61798
-0.896894
0.796523
-1.37053
1.44017
-1.10577
0.948988
-1.55854
1.57385
-1.11529
0.411285
-0.532926
0.647216
0.119793
-0.745967
0.138332
0.603692
-0.353054
0.22632
-0.822833
1.00607
-0.294273
0.445045
-0.480969
0.786236
-1.17977
1.23898
-1.12652
1.06945
-0.484195
-0.528663
-0.638019
1.51746
-0.568967
0.363472
-0.728161
0.0964978
0.218125
-0.486971
0.422082
-0.163195
-0.163147
0.203936
-0.454935
0.318357
0.2616
0.781772
-0.719119
0.673957
-0.664387
-0.75544
0.116657
0.846791
-0.629307
0.179036
-0.476678
0.560493
0.088526
0.608032
0.00673343
-0.383591
-0.140237
0.36246
-0.81176
0.546312
-0.418863
0.0461234
0.337158
-0.474618
-0.143971
1.28511
-1.11177
1.26667
-1.16816
1.12396
-0.978755
0.913814
-1.19126
1.35312
-1.2543
1.14632
-1.11163
1.00339
-1.52644
1.03811
-0.440588
0.126949
-0.319121
0.11939
-0.266392
0.264698
-0.759337
1.39112
-0.62454
1.07533
-0.980404
0.88044
-1.46317
1.60606
-1.41714
1.33749
-0.455462
0.413004
-0.560188
0.624305
-1.19287
-0.366641
0.709855
-0.0875305
0.582817
-1.6115
0.236922
1.10115
-0.874557
-0.3668
0.401271
0.752936
-0.0498292
0.80618
-1.55046
1.48042
-0.939626
1.04943
-0.797068
0.653925
-1.59603
1.39973
-0.986308
1.30826
-1.1194
-0.0143035
-0.0987542
-0.098513
0.225464
0.305083
-0.297168
-0.631559
0.022369
0.19271
0.0465844
-0.337795
0.408376
1.28209
-1.0768
1.09471
-0.960295
0.953492
-1.4478
1.53746
-1.19006
1.25563
-0.801632
0.801632
-0.905496
0.239255
-0.332793
0.260136
0.119495
-0.876809
0.797886
-0.236546
-0.652464
0.501241
-0.121628
-0.245141
0.802881
-0.194194
-1.21242
1.11615
0.188822
-0.110599
-0.581709
-0.195705
0.285383
0.26057
-0.784287
0.840985
-0.236661
-0.073288
0.380009
0.170401
-0.656682
0.571123
-0.219309
0.0649984
-0.169734
0.50523
-0.156437
-0.107154
-0.479674
0.345068
-0.242159
0.679193
-0.498755
-0.349136
0.753792
-0.259327
-0.0558525
-0.574668
0.395403
-0.0862295
0.172257
0.495566
-0.355083
0.334222
-0.208776
-0.307482
0.128825
0.729068
-1.60011
0.684924
0.119131
-0.208111
0.263933
0.127835
-0.236804
0.138277
-0.500528
0.727649
0.0391253
-0.172622
0.130195
-0.290565
0.254503
-1.0476
0.885279
0.679756
-0.621551
0.117292
0.085469
0.201522
-0.198799
-0.614977
0.30771
0.448722
-1.31547
0.34961
0.446929
-0.507278
-0.583152
0.695524
0.397433
-0.00458363
-0.186824
0.595731
0.0047015
-0.835281
0.69382
-0.280725
0.525794
0.404744
-0.823337
0.126659
-0.582376
1.02739
-0.881767
0.634633
-0.314119
0.476243
-0.186208
-0.0661297
-0.303964
0.539945
-0.0278174
0.273398
-0.954243
0.0406827
0.194819
0.283756
-0.525981
0.321179
-0.678734
0.839915
-0.106777
0.304132
0.244207
-1.07068
0.987643
-0.930413
0.639079
-1.35055
0.638739
0.213493
-0.08473
0.420034
0.290848
-0.192051
-0.138167
-0.632457
0.546097
-0.067455
-0.0413927
0.0210508
-0.183302
-0.0483716
0.985324
-0.722248
-0.700323
0.203259
0.819726
0.106182
-0.63342
-0.229299
0.234865
0.237676
-0.596399
0.621005
0.0497609
-0.133638
0.0284927
0.364015
-0.29016
0.597368
-0.789411
0.42969
-0.226821
0.769532
-0.678785
-0.514777
0.382256
0.0826507
-0.252944
-0.0111339
-0.140052
0.269384
0.251033
-0.52528
0.174643
-0.789061
0.0164524
0.255593
0.737078
0.488935
-1.31853
0.409798
0.965067
-0.322735
-0.00114287
-0.154445
-0.911751
0.256676
-0.216292
0.905895
-0.0436306
0.369153
-1.38853
0.594339
0.102653
