0.347373
0.181713
0.808588
-0.0357857
0
0.265702
-1.12596
0.763834
-0.379884
-0.633278
0.162208
-0.150811
0.433404
-0.183113
0.455385
-0.282244
0.117225
0.4041
-0.592036
-0.329816
0.312952
0.164582
-0.351011
0.377185
-0.392644
0.404653
-0.257671
0.558701
-0.417774
0.227923
-0.85619
0.469402
0.153215
0.125109
-0.202927
0.106835
0.401226
-0.392408
-0.689286
0.458837
-0.404442
0.930388
-0.610768
0.38129
-1.14385
1.28778
-0.557405
-0.0392039
-0.182294
0.485616
-0.108071
0.78465
-1.70206
0.168019
-0.385171
1.00989
0.568686
-0.426093
0.058686
0.432862
-0.409144
0.0752265
-0.387399
-0.552904
0.957271
0.316948
0.348722
-0.445864
-0.164518
-0.0222447
-0.815915
0.33659
-0.0467353
0.359509
-0.601033
0.826178
-1.15587
1.23011
-0.641142
0.279876
0.347579
-0.347579
-0.00565865
-0.617506
1.04488
-0.0351957
-0.577313
0.863851
-1.07638
0.577987
-0.234748
0.0209568
-0.6464
0.511571
-0.0554506
0.052835
-0.058673
0.0249333
0.159628
-0.0396325
-0.462717
0.191454
-0.0421661
0.35688
-0.0868886
0.0632562
-0.408169
0.615631
0.268149
-0.42529
-0.156157
0.669402
-0.0570214
-0.214204
0.111695
-0.377517
-0.329209
0.314036
-0.273291
0.463111
-0.46012
0.388866
-0.449745
-0.580675
0.312053
-0.562315
-0.100242
1.25192
-0.523121
0.880414
-0.332968
-0.0784322
0.557804
-0.276661
0.16924
-0.563171
0.0584938
0.349474
0.169017
0.227341
-0.842458
0.14507
-0.510662
0.842903
-0.452197
0.271401
-0.561163
0.548617
-0.710527
0.686128
-0.757735
0.504838
0.060938
0.516661
-0.704598
0.573888
0.13071
0.212035
-0.400065
-0.0552157
0.051931
0.104098
0.576116
-0.600939
-0.280933
0.246949
-0.578471
0.480835
-0.943851
1.12979
-0.165579
0.258848
-0.492098
0.451495
-0.462769
-0.0860922
-0.115765
0.0727343
0.498586
-0.135239
-0.0291141
-0.150076
0.602903
-0.723043
0.458372
-0.0714671
-0.030067
-0.267316
0.394033
0.0267343
-0.252583
-0.142035
0.38982
-0.229686
-0.400264
0.290762
-0.52028
0.313165
0.228554
0.00961827
0.520093
-0.879115
-0.0236972
0.424213
0.0630287
-0.271691
0.0854798
0.523713
0.0377885
-0.329438
-0.174191
0.208203
-0.394543
0.475471
-0.0970336
-0.211347
-0.098002
0.638441
-0.762227
0.142354
0.0604197
0.0767463
0.490149
0.265032
-0.966995
0.41788
-0.306845
0.314153
-0.177224
0.0276268
0.473919
-0.711238
0.259574
0.106855
0.359408
-0.295426
-0.265798
-0.0439186
0.013412
0.197518
-0.00446964
0.312545
-0.326164
0.0043309
-0.197787
0.34829
-1.29033
1.37794
-0.619688
-0.0184834
0.475392
-0.0947186
-0.0505869
-0.101578
-0.638148
0.648701
0.0585168
-0.420346
1.20427
-0.0544943
-1.33784
0.593395
-0.331141
-0.303946
0.171965
0.523599
-0.889466
0.836432
-0.274725
-0.0390662
0.116099
0.180759
-0.567899
0.854374
0.170541
-0.325164
-0.20019
0.287068
-0.430722
-0.39723
0.598523
-0.544118
-0.0789129
0.302375
-0.291586
0.265455
-0.122395
0.444203
-0.44048
0.34852
-0.205731
0.071015
-0.0404769
0.157529
-0.657469
0.999943
-0.664066
0.770458
-0.250648
0.490791
-0.912302
0.479445
-0.17172
0.230512
-0.348252
-0.0509664
0.081186
-0.414203
-0.563399
0.689063
0.0918247
0.389941
-0.446443
0.524744
0.0318161
-0.0245656
-0.874248
0.837802
-0.23116
0.29424
-0.273209
0.148399
-0.276435
0.256302
0.193704
0.142893
-0.267542
-0.560417
0.178071
0.558002
-0.617435
0.807441
-1.3616
0.444347
0.411468
0.352498
-0.264015
0.024233
-0.224862
-0.540927
0.353463
0.206625
0.259106
-0.331578
0.0300863
0.435142
-0.518076
0.160825
-0.051735
0.266645
0.446525
-1.11811
0.560334
0.0640936
0.175279
-0.419535
-0.953547
1.70564
-0.640829
-0.013835
0.140372
0.378374
-0.985606
1.03414
-0.763834
0.0427583
-0.0576105
0.182549
0.0291507
-0.179173
0.368809
0.232292
-0.469133
-0.144267
0.319708
-0.478029
0.128756
0.731906
0.0153071
-0.118563
-0.791051
0.424771
0.452032
0.162317
-0.330818
0.0390712
-0.151741
0.155105
-0.458726
0.870738
-0.659943
0.311849
-0.334526
-0.0351242
0.279523
0.127703
-0.644305
0.0452417
0.137578
0.142487
-0.00690336
0.0110161
-0.0205789
0.444486
-1.1418
0.853567
0.271029
-0.351245
-0.741599
1.29444
-0.318289
-0.00877392
-0.401087
0.325209
-0.465019
0.290035
-0.140713
0.104182
0.537799
-0.00280193
-0.116834
-0.0954136
-0.620302
0.134139
0.926354
-0.514779
-0.291549
-0.110984
0.0441425
0.101358
0.157533
0.0266159
-0.433752
0.321972
-0.213277
0.526258
-0.813361
0.77533
-1.05011
0.751301
-0.0645811
0.0946081
-0.0745329
-0.132922
0.102208
0.636822
-0.548
0.238913
-0.401439
-0.231621
-0.122282
0.391261
-0.605841
0.0710443
0.184074
0.590665
-0.439987
0.605998
-1.28691
0.13903
0.154973
1.22125
-1.1239
0.316973
-0.183452
-0.751472
0.846637
-0.130768
0.31181
0.267862
0.540622
-0.482022
0.345234
-0.574211
-0.551906
0.429311
-0.129389
0.275246
-0.250399
0.58085
-0.307876
0.0539583
-1.42829
1.53032
-0.612658
0.848461
-1.08
0.266407
0.665642
-0.611586
0.620789
0.0145506
-0.819409
1.16317
-0.250897
-0.0574189
-0.907682
0.159866
0.282081
0.163102
0.235113
0.218654
0.0467692
-0.458142
0.249143
-0.34667
-0.926196
1.05574
-0.138949
0.345258
-0.601487
-0.16974
0.797986
-0.339089
-0.116681
-0.424723
0.310212
0.25214
-0.165159
0.0352737
0.181184
0.101435
0.783172
-1.03398
0.0249884
-0.582931
0.398673
0.527143
-0.481217
0.0757892
-0.262696
0.583889
0.193484
-0.0760568
-0.400753
-0.140619
0.633604
0.219914
-0.13801
-0.450158
-0.238627
-0.777672
-0.0827325
1.05112
-0.259507
-0.0753114
0.835235
0.224604
-1.20227
0.519792
-0.410789
0.656811
-0.718884
0.205503
-0.143429
0.814509
-0.495431
0.467273
-0.76279
0.631087
-0.626864
0.662045
0.332555
-1.19672
0.405087
0.839446
-0.276977
-1.95781
1.51037
0.29962
-0.424559
-0.0632235
0.38099
0.251655
-0.593376
0.608371
-1.35076
0.701974
0.127841
0.488612
-0.399448
0.826677
-1.54472
0.63226
0.258684
0.471
-0.771189
-0.0250886
0.478182
-0.113023
-0.34454
0.000556037
0.333664
-0.0124177
-0.698153
-0.101788
0.6695
0.106072
0.0889912
0.11293
-0.234303
-0.0792665
-0.384699
0.480651
-0.556863
0.623367
-0.279112
0.217957
-0.0266138
0.0915025
-0.420704
0.761629
-0.0454834
-1.02119
0.82032
0.0536848
0
-0.158753
-0.552696
-0.25417
0.603585
-0.224818
0.33511
-0.294331
-0.222898
-0.757515
0.875428
0.293247
-0.391568
-0.101705
-0.0954707
-0.136491
1.41505
-0.0615181
-0.496877
-0.14321
-0.00633474
-0.234176
-0.622962
0.868759
0.0597869
-0.0458883
0.0784756
0.128715
-0.151156
0.25092
-0.589757
0.0934462
-0.331162
1.01689
-1.30434
0.734511
-0.0905699
-0.0606394
-0.0976111
0.424415
-0.060158
0.665706
-0.267766
-0.575613
-0.472214
0.838472
-0.224244
0.0465987
0.0176364
-0.810671
-0.233857
1.18753
-0.431625
0.694012
-0.418122
0.628389
-0.772399
0.499906
-0.564086
0.83658
0.105082
-0.307054
-0.464168
0.450044
0.0349552
-0.255412
-0.353497
0.0999321
0.137963
-0.527343
0.167221
0.2821
0.223937
-0.599436
-0.900237
1.49079
-0.496925
0.333466
0.134424
-0.405276
-0.360484
1.22543
-0.876638
0.993751
-1.18106
0.788322
-0.623498
-0.535155
0.627174
-0.342115
0.360987
0.088868
-0.0578933
-0.0228629
0.0756583
0.12624
-0.205811
-0.0926042
0.575608
-0.469152
-0.161553
0.353513
-0.219863
0.0463865
0.40838
0.188812
-0.681472
0.215086
-0.112961
0.41922
-0.319752
-0.00501029
-0.717932
0.375263
0.481879
0.206121
-0.582572
0.133057
-0.0616726
-0.373069
0.716606
0.399306
0.234572
-0.634559
0.288947
-0.2807
-0.424057
-0.089212
0.379913
-1.15522
0.53725
1.24687
-1.1126
0.713797
-0.831386
0.055407
0.597869
0.172083
-0.894674
0.223778
0.456636
0.0844328
0.0619042
0.360487
-0.563509
-0.0529812
-0.0917704
-0.565255
0.500707
0.241132
-0.178876
0.132183
-1.0702
1.68712
-1.53795
0.271127
0.302321
0.0441255
0.114714
0.602921
-0.228688
0.243887
-0.307525
-0.0305489
0.236666
-0.278803
-0.215858
-0.0139485
0.195045
-0.482428
-0.407007
1.04127
-0.276664
0.386923
-0.789168
0.760825
-0.410305
0.258945
-0.591561
0.588254
-0.751353
0.718581
0.0219282
-0.0599288
-0.180885
0.238677
-0.958074
1.3289
-0.814739
0.117776
0.0315468
-0.113777
-0.587512
0.903144
-0.377585
0.24698
-0.169564
0.574085
-0.123724
-0.479144
-0.278669
0.332986
0.329135
-0.272024
-0.190542
0.440217
0.101336
0.0167057
-0.197454
-0.0461048
0.106918
0.180779
-0.193901
-0.215862
-0.240371
-0.400584
0.614026
-0.250262
1.35039
-0.680594
-0.0659285
0.265285
-0.651159
0.498928
-0.464928
0.385386
-0.0960682
0.541907
-0.5953
0.158567
-0.0658939
-1.01892
0.83139
-0.248721
0.741522
0.0817435
-0.431554
-0.791808
0.693853
-0.428429
0.922189
-0.727147
0.579163
0.0154204
-0.745564
0.0254876
0.818515
-0.0914056
0.0398886
-0.233921
-0.571833
0.925862
-0.284048
-0.0258585
-0.152447
0.419682
-0.442907
-0.0821723
0.287719
-0.0912258
0.0223625
0.245627
-0.151149
-0.290199
0.748481
-0.750305
0.959369
-0.0841258
0.167973
-0.942467
0.868681
-0.0420092
-0.694014
-0.408162
-0.160056
-0.0646554
0.0218718
0.483423
0.654841
-0.479214
0.0758533
-0.176091
-0.174985
-0.333056
0.0596613
0.173247
0.320522
-0.177724
-0.0586026
0.831087
-0.696551
-0.0295424
-0.144116
0.73103
-0.164257
-0.255539
-0.392578
0.268306
-1.28643
1.53653
-1.10208
0.698127
0.447931
-0.34412
-0.24697
0.307645
0.274671
-0.792547
0.481972
-0.276262
-0.142867
0.496426
0.0514346
0.0419645
-0.175858
0.373453
-0.453722
0.722882
-0.878598
0.901737
-1.1355
0.451929
-0.19877
-0.357408
-0.0863578
0.961855
0.0483596
-0.0737536
-0.424424
0.272794
-0.152034
0.300155
-0.719118
-0.243967
0.401522
0.20638
-0.253598
0.146774
-0.135883
0.198728
0.272044
-0.262529
-0.443298
0.216068
0.0145995
0.561442
-0.336526
-0.0562936
-0.658015
0.688692
-0.110448
0.269267
-0.214516
0.104652
-0.0140783
-0.316838
-0.6044
0.598484
0.242949
0.446162
-0.873608
0.335424
0.250859
0.460382
-0.168682
-0.581584
-0.446334
-0.0632567
0.892251
0.338768
-0.692369
0.441432
-0.0614666
-0.454482
0.116107
-0.108361
0.0449134
0.636666
-0.74422
0.303046
0.0284699
-0.249657
0.170606
-0.497354
0.794478
-0.581316
0.399217
0.497629
-0.0990494
0.335437
-0.224153
-0.474817
-0.172069
-0.223462
0.380992
0.647222
-0.257251
0.0687785
-0.971457
0.376522
-0.119435
0.106566
-0.305132
-0.351868
0.186051
0.963231
0.298086
-0.39794
-0.157165
-0.0803603
0.797127
-0.39165
0.194324
-0.171866
-0.115434
-0.197561
-0.860663
1.26216
-0.574031
0.0173984
-0.150295
0.656437
-0.13053
0.349739
-0.179006
-0.865565
0.183478
0.205451
0.220719
0.0180982
-0.303543
-0.426386
0.0668425
1.10706
-0.255532
-0.30297
-0.223909
0.955014
-0.146128
-0.471292
0.390047
0.128383
-0.637247
-0.181793
-0.0208895
0.646664
-0.137173
-0.0937968
-0.164481
-0.154902
0.237089
0.205501
-0.74337
0.148281
0.433054
-0.183644
-0.659408
0.462207
0.183082
0.389861
-0.189231
-0.202439
-0.0839669
0.187392
0.123669
-0.122139
-0.165495
0.26394
-0.615773
0.489875
0.222328
-0.0973896
-0.850407
0.507374
-1.52738
2.03515
-0.326204
0.0867831
-0.385493
0.184309
-0.0251621
0.107709
-0.606339
0.430452
-0.218476
0.36354
-0.16194
0.479889
-0.0483673
-0.208225
-0.264259
0.510273
-0.538727
0.415242
-0.682586
0.761942
0.0511525
-0.4419
0.0444322
0.347365
-0.435974
-0.631033
0.28311
0.673935
0.150724
-0.219997
-0.254421
-0.0596354
-0.0418223
0.410701
-0.798085
0.238941
0.164057
0.456023
-0.573182
0.813278
-0.991226
0.427961
-0.139165
0.625889
0.157939
-0.508943
-0.0897708
0.442101
-0.753562
-0.240555
0.0135365
0.609202
-1.35552
0.0622111
0.653932
0.902055
-0.719173
0.409949
-0.236907
0.275619
0.059341
-0.200609
0.0920297
-0.489007
-0.229995
0.559911
-0.355186
0.896175
-0.404571
-0.314451
-0.280978
-0.142534
0.668205
0.236779
-0.452988
0.875061
-0.915458
0.0911839
-0.440326
1.45933
-0.24952
-0.0858321
-0.536267
0.495955
-0.459108
0.446073
-0.0865129
-0.427163
0.252989
0.447414
-0.620936
-0.332109
0.740263
-0.804459
0.359663
-0.0837632
0.038796
0.100484
0.0292268
-0.643453
0.0822458
-0.141871
0.455878
-0.0339466
-0.0811027
0.796453
-0.377376
0.0970468
-0.0367043
-0.266373
0.517019
0.219616
-0.893235
0.369244
-0.295441
0.0263817
-0.419343
0.614529
0.330592
-0.333859
-0.237826
0.0755927
0.0677476
0.361541
-0.297576
0.183302
0.514369
-0.741344
0.112574
0.33868
-0.680641
0.796806
-0.881004
0.580698
-0.317742
0.893772
-0.438089
0.184642
-0.370581
0.682411
-0.843757
0.190197
-0.303796
-0.077166
-0.200861
0.292394
-1.18981
1.2886
-0.739671
0.673428
0.276761
0.0581995
-0.938841
0.787525
-0.667371
0.463471
-0.284217
0.477121
-0.109081
-0.149985
-0.0309691
0.613341
-1.27806
0.989227
0.0421977
-0.158703
-1.12766
0.0651171
0.194414
0.0584317
0.322293
0.0316164
0.0605074
0.732813
-0.678531
-0.64691
0.0762724
0.867588
-0.014709
-0.308405
0.351371
-0.39794
-0.25171
0.408179
-0.114346
0.247383
0.272824
0.419796
-0.883158
0.661659
-0.937569
0.20018
0.543779
-0.639301
0.127262
0.55296
-0.36073
0.240066
-1.17848
0.830485
-0.377078
0.185264
-0.25358
0.863142
-0.284943
0.381853
-0.43603
0.351129
-0.172468
0.0257609
-0.591065
0.846337
-0.804685
0.815235
-0.798011
0.243641
-1.05898
0.291001
0.673906
0.587897
-0.830821
0.001603
1.36334
0.0445822
-1.08065
0.741705
-0.488184
0.203596
0.296861
0.279446
-0.30103
-0.280827
-0.700072
0.236961
-0.0361837
0.191425
-0.351428
-0.306956
0.494682
0.545
-0.806843
0.365437
-0.241092
-0.622312
0.406439
0.24389
-0.0339125
0.769866
-0.096713
0.36094
-0.841985
0.889758
-1.13709
0.501045
-0.774713
0.48122
0.00912315
0.625487
-0.314146
-0.0653823
0.208934
-0.441089
0.460175
-0.104219
0.0796362
-0.437342
0.518988
-1.12017
0.0113961
0.797165
-0.214549
0.83804
-0.406308
-0.0175431
0.206419
-0.40485
-0.207584
0.656601
-0.560752
0.0776252
-0.44099
0.904172
-0.325763
-0.365559
0.259838
-0.216279
-0.0314878
0.236681
-0.52366
0.681757
0.0551084
-0.837458
0.785172
0.382368
0.0808232
-0.313995
-0.184524
0.66727
-0.353528
0.424538
-1.34501
0.892379
-0.635269
0.541393
-0.656716
0.717617
-0.0306476
-0.695124
0.414131
0.43255
-0.925336
0.386588
-0.362487
0.802356
-0.361044
0.329772
-0.487064
-0.170696
1.0939
-0.974559
0.227442
-0.173402
0.358979
0.329333
-0.955216
0.942251
-0.682186
-0.0224239
-0.280079
0.88495
-0.469918
-0.0531867
-0.0686828
0.587298
-0.677691
-0.112208
0.604603
-0.873991
-0.623138
1.20904
-0.803308
0.3901
0.939983
0.419287
-1.12452
0.0962883
0.237559
0.620147
-0.82947
0.546728
-0.315383
0.0131875
-1.26414
0.61054
0.395363
0.0282001
-0.260459
-0.980271
0.387867
0.794571
-0.229867
0.477121
-1.07175
0.849158
0.0237985
0.0139613
-0.125112
0.474793
-0.47557
0.137107
0.124111
-0.119111
-0.468413
0.535061
-0.558137
0.782225
0.0935901
0.125229
-0.179177
-0.428937
-0.338317
0.505203
-0.525979
-0.01441
0.0410052
-0.29648
0.582077
0.031158
-0.113114
0.110637
-0.238861
0.950929
-1.00296
-0.314245
0.350873
0.870272
-0.621735
0.346396
-0.306707
-0.512727
0.466584
0.326026
-0.30497
0.433696
-0.985224
0.884528
-0.384463
0.494384
-0.320403
-0.116309
0.015037
0.278107
-0.356748
-0.025505
1.06911
0.0901766
-0.613598
0.0900515
0.444365
-0.33192
0.346068
-1.03374
0.452298
0.352183
-0.531778
0.645552
-0.284173
-0.199512
0.250521
-0.555514
0.397402
-0.185247
0.15083
-0.778565
0.67721
-0.418536
0.480382
-0.932032
-0.0886171
0.705135
0.78738
-0.857084
0.446785
-0.385044
0.262943
0.723291
-1.16744
0.372808
-0.0655907
0.505342
-0.282213
-0.856062
0.683726
-0.275794
-0.0890151
0.351543
-0.309569
-0.0456806
0.323513
-0.16294
0.435759
-0.484046
-0.31773
1.10372
-0.12311
0.177468
-0.303093
0.294899
-0.229493
0.281153
-0.684562
0.331872
-0.165131
0.592454
-0.727338
-0.0851577
-0.0482167
0.355562
-0.0746336
-0.0536849
0.320393
-0.90276
0.636052
-0.498945
-0.1902
0.811236
-0.908497
1.28475
-0.78485
0.220374
-0.606333
0.557093
-0.493951
0.865594
-1.48229
1.02181
0.590173
-1.34533
1.15556
-1.56372
0.907402
-0.395656
0.173708
0.553755
-0.316948
0.0759648
0.556608
-0.391962
0.490248
-0.159701
0.379258
-0.540132
-0.580269
0.0599017
0.545462
0.218603
-0.271767
-0.0384059
-0.0774815
0.0575867
0.0638966
0.0756909
-0.166805
0.284114
-0.265983
-0.0186377
0.0897481
-0.20013
-0.146128
-0.451885
1.19113
-0.37712
-0.318448
-0.0894582
-0.147101
0.118978
-0.435049
0.990028
-0.543217
0.315627
-0.647868
1.08833
-0.555222
0.0546926
-0.958796
0.989668
-0.4449
0.64968
-0.564682
0.388089
-0.423388
0.191612
-0.106289
0.0943817
-0.95351
0.781255
0.594042
-0.113827
-0.400725
0.506308
-1.02963
0.347304
-0.783009
1.29497
-0.0532648
0.4369
-1.24628
0.834965
-0.864231
0.258423
0.507301
-0.349088
0.335428
0.135856
0.00650827
-0.468803
-0.18837
0.0768329
0.886955
-1.06962
0.100318
0.193717
-0.237496
1.3935
-0.38751
-0.380714
-0.205217
0.314003
0.313019
0.276329
-0.882514
0.0250651
0.644033
-0.0211893
-0.673416
0.547566
-0.353294
-0.354687
0.483952
-0.41489
0.349889
-0.829789
0.696966
-0.564741
1.48042
-0.823483
0.823483
-0.050837
-0.345397
-0.109271
0.311798
-0.39319
0.112623
0.0174907
0.213339
-0.560424
0.239596
-0.190057
-0.0661608
0.624969
-1.17343
0.233079
0.200317
-0.464426
-0.260738
0.483869
-0.334643
1.08234
-0.988977
0.333306
-0.141601
1.00799
-0.468452
0.357025
-0.00919871
0.0282021
0.0301615
-0.443638
-0.305293
0.531267
-0.324701
0.301884
-0.477121
0.0261331
0.430125
0.177724
-0.747003
0.69941
-0.596806
0.0923435
-0.426828
-0.610036
0.721117
0.4592
-0.407506
1.26474
-0.666042
-0.562171
0.27589
0.258206
-0.673416
0.928828
-0.645047
0.337168
0.248165
-0.703107
-0.799162
0.909888
0.308078
-0.404932
0.0858098
-0.547443
0.242073
0.30838
0.0447825
-0.528623
1.12916
-0.429292
-0.501125
0.363068
-0.195996
0.0170668
0.50151
0.122872
-0.366009
-0.275858
0.523855
0.0185441
-0.432926
0.35084
0.0103772
0.0731689
-0.70923
0.130063
-0.00801799
0.734632
-0.107659
-0.0477561
-0.640834
0.237615
-0.372412
0.138258
1.08067
-0.154304
-0.811083
0.248465
-0.927752
0.805305
0.282402
0.0100613
-0.427239
0.452262
0.627342
-0.790668
-0.195396
0.473986
-0.496472
-0.0298304
0.208419
0.0612241
-0.57137
-0.226237
-0.0743288
0.793404
-0.309255
0.00894746
0.173747
-0.329859
-0.439069
1.07813
-0.922706
0.668963
0.0986759
0.273819
0.157698
-0.467314
-0.215785
0.388348
-0.200348
-0.199905
0.021053
0.441429
-0.266217
-0.221717
0.0626502
0.424069
-1.04584
1.13137
-1.52705
0.841427
-0.590052
1.52522
0.216632
-0.540659
-0.780117
0.681468
-0.0799242
0.407531
-0.443529
0.7024
-1.20004
1.04821
-0.15301
-0.608647
0.207307
-0.154488
0.410514
-0.15808
-0.077133
0.0964168
-0.306906
0.0349242
-0.0715156
0.38647
-0.551162
1.16536
-1.1338
0.719173
-0.495126
-0.108869
0.642724
0.2623
-0.616467
-0.290697
-0.393608
1.07686
-0.249749
-0.247155
0.0932382
-0.387995
0.709403
-0.0573528
-0.124379
-0.0250414
0.144228
-0.602244
0.314693
0.386493
0.467053
-0.747703
0.234153
-0.85821
0.214719
0.46134
-0.331139
0.576783
-0.166025
0.268751
-0.321871
-0.421146
0.378539
0.0815065
-0.856484
-0.160598
0.803839
0.329994
0.117787
-0.147529
-0.783939
0.392733
-0.312554
0.579016
0.213191
-0.13622
-0.110611
0.169399
0.0262791
0.24922
-0.60356
0.134528
0.0323025
0.169273
-0.19953
0.551306
0.107064
-0.406265
-0.682347
0.992637
-0.679835
-0.208015
-0.32023
0.671565
-0.393124
-0.0724152
0.650705
-0.156483
0.148226
-0.0844652
0.288422
0.176746
-0.381519
-0.396304
-0.323388
1.0973
-0.548772
0.113888
-0.493503
0.606446
-0.179787
-0.562931
0.567866
0.0604807
-0.77493
0.23178
0.112394
0.414656
-0.51146
0.176409
-0.168291
0.495848
-0.928902
1.17721
-0.386054
-0.0308476
0.148793
0.239183
0.11901
-0.646786
-0.244931
-0.125175
0.257544
0.431902
-0.825775
0.357282
1.23234
-0.436398
-0.337036
-0.0407147
-0.574031
0.350827
-0.148022
-0.0291752
-0.152219
0.21978
1.05331
-1.63662
0.646788
0.530352
-0.569356
0.279148
-0.558572
0.653611
-0.0539352
0.0821075
-0.606821
-0.173368
0.382096
-0.934292
0.284427
-0.193304
0.0717563
0.23458
0.746997
-0.0963133
-0.640785
0.337769
0.0997924
-0.501363
0.582243
0.865702
-0.884798
0.584872
0.131995
-0.974083
0.647606
-0.127579
-0.583371
1.16739
0.0994424
0.0076868
-0.406134
-0.469271
0.247017
0.227358
-0.223693
0.0576416
-1.78347
1.5555
-0.80233
0.353311
0.0868228
-0.19459
-0.788079
0.980872
1.14631
-0.271156
-1.37943
1.59416
-0.188407
0.158591
-0.653441
0.339234
-0.0525922
0.42391
0.1499
-1.21939
0.181324
-0.375376
0.518296
-0.11111
-0.402297
0.743349
-0.177998
0.116615
0.278008
-0.932601
0.31234
0.680958
0.126752
-0.653011
-0.187127
0.279016
0.154902
0.597097
-0.656335
0.417344
-1.10318
0.63206
-0.0722545
-0.649733
0.500689
0.0347071
0.260744
-0.94958
0.384243
-0.110601
0.403894
-0.629413
0.681962
0.119207
0.680724
-0.399426
-0.186195
-0.252687
0.379779
-0.0573439
-0.382224
0.149025
-0.0984992
0.216129
-1.32749
1.58602
-0.76172
-0.0104308
-0.0469464
-0.159455
-0.0447842
0.00269906
0.275806
-0.132117
0.152654
0.191643
0.199701
-0.328019
-0.00137504
0.291077
-0.173249
-0.311117
0.42548
0.0771551
-0.0383713
-0.059005
0.478615
-0.0487769
-0.831859
0.463596
-0.25675
0.656196
-0.912287
0.366528
0.346924
-0.0738075
-0.144481
-0.233808
0.0324811
-0.485938
-0.054557
0.814861
-1.13163
1.11818
-0.457113
0.269506
0.106302
-0.24141
-0.124038
0.669232
-1.27319
1.20064
-0.214028
-0.183912
0.0146771
-0.0559484
-0.369571
0.591096
-0.504314
0.248907
-0.253571
0.158102
0.519345
-1.03818
0.264527
0.516199
0.470251
-0.615247
-0.4052
0.879496
0.0651907
-0.244321
-0.593234
0.252807
0.249901
0.251731
-0.492602
0.240871
0.359238
-0.0380769
-1.14641
0.402747
-0.146557
0.527942
-0.150822
0.245415
-0.0928693
0.0481828
-0.0523091
-0.19995
1.10202
-0.507873
-0.179471
0.332438
0.449093
-0.592628
0.416537
-0.163857
-0.0328489
0.118279
-0.432063
0.399339
-0.3923
-0.596166
-0.163872
-0.395814
0.961238
-0.22465
0.469619
-0.499132
0.565283
-0.171739
-0.910371
0.942123
0.16285
0.547012
-1.3176
0.813744
-0.267347
0.257731
-0.879895
0.59611
-0.0266522
-0.129567
0.0652875
0.676805
-0.179608
-1.38497
0.0920014
0.625668
0.539571
-0.523609
0.287183
-0.51684
0.212792
-0.00922486
-0.00903293
-0.310585
-0.00962505
0.845788
-0.43518
0.584999
-0.255728
-0.104573
-1.37717
0.80565
0.927745
-0.211997
-0.54608
0.856342
-0.719836
0.564595
-1.49688
0.537132
0.059333
-0.22158
0.635867
-0.146571
-0.430267
0.186164
-0.438989
-0.0588513
0.606085
0.159431
0.51939
0.0921111
-0.25514
-0.612056
0.22964
0.221391
-0.392877
0.913777
-0.51491
0.557976
-0.684305
-0.110568
-0.118368
0.330029
-0.890374
0.0888565
0.4472
0.434902
-0.839032
0.632744
-0.0731302
0.111485
0.963287
-0.317177
-0.429717
0.209456
-0.289422
0.434216
-0.657044
0.163796
0.0498174
0.322171
-1.13194
1.24267
-0.605621
-0.00544677
-0.920335
0.921291
-0.211712
-0.00622656
-0.185267
-0.692568
0.338986
1.11832
-0.358334
-1.09073
0.643437
0.770416
0.404415
0.152701
-0.217927
-0.141247
-0.809369
0.277201
0.73183
-0.34365
-0.184436
0.0111624
0.0962681
-0.562811
-0.770685
0.333625
0.0565277
-0.165786
0.639341
-0.510123
0.580052
-0.0505845
0.0422348
0.21637
-0.545186
0.631604
-0.462277
0.61797
-0.476881
0.126222
0.340692
-0.525265
-0.190277
0.896234
-0.313131
0.00103896
0.201527
-0.171378
-0.720822
0.441219
0.416029
-0.464734
0.00579774
-0.348482
-0.310266
0.123447
0.270351
-0.172473
0.951634
0.461792
-0.454801
0
0.138964
-0.189627
0.354344
-0.164717
0.401595
-0.110163
-0.372026
-0.326944
0.00621455
-0.638523
0.569654
-0.211201
-0.290675
-0.489408
0.238659
-0.110804
0.626718
0.17336
-0.473556
0.332582
0.841011
-0.763367
-0.0900423
0.514887
-0.553527
0.522043
-0.190038
0.54776
-0.797607
0.654455
-0.681449
-0.166308
0.106377
-0.254117
-0.0860629
0.0531424
-0.250729
0.77704
0.0825622
-0.432432
0.117422
0.368895
-0.739973
0.231318
0.784682
-0.140597
0.436595
-0.121422
-0.202984
0.106982
-0.76418
0.0582306
0.457059
-0.580862
0.0560726
0.496975
-0.180559
-0.308999
0.161482
-0.373453
-0.651352
0.420941
0.582403
-0.226244
-0.38749
0.955641
-0.837284
-0.281817
0.799863
0.174733
-0.610341
0.325658
0.114202
0.85654
-1.14188
-0.114977
0.403992
0.672406
-0.405403
0.128941
-0.142943
-0.145261
-0.931341
0.402468
0.519121
-0.538746
0.378897
-0.0353571
-0.625994
0.62403
0.321338
-0.491593
-0.282172
1.30668
-0.199941
-0.385156
0.93033
-0.227244
-0.945213
0.632843
-0.599534
0.887336
-0.895975
0.382092
0.171461
-0.851119
-0.420617
0.829898
-0.497114
0.497114
-0.287805
0.274452
-0.00924432
-0.629066
0.58866
0.132934
0.81946
-0.485342
-0.366423
-0.303552
0.242313
0.81005
-0.238966
-0.635367
0.740217
0.226143
-0.410174
0.195396
-0.591233
0.0798564
-0.986881
0.657174
-0.0904582
0.706743
-1.33369
1.10215
-0.821631
0.409766
0.316222
0.14493
-0.74699
1.15901
-0.572364
0.400173
-0.278046
0.233409
-0.76308
-0.0348157
0.529361
0.0428646
0.332799
-0.424026
0.538745
-0.0975828
-1.16767
0.690553
-1.44871
1.25119
-0.748939
0.977571
-1.25522
1.6434
-0.946324
0.0765523
-0.471365
1.21006
-0.381442
0.518442
-0.302222
0.363636
0.0847137
-0.279632
0.00975983
-0.37736
0.14104
0.481833
-0.514427
-0.231215
0.041648
-0.117936
-0.528952
0.46102
-0.0300718
-0.321975
0.357165
-0.177667
0.526312
-0.502268
-0.162881
0.642758
0.0237722
0.161138
0.56006
-0.889849
-0.26959
0.851191
0.38501
-0.170262
-0.899653
0.651613
-0.706855
-0.875336
0.403895
-0.338204
0.967565
0.36301
-0.490594
0.610046
-0.441911
-0.38521
-0.0213506
0.394726
0.897127
-0.402652
-0.646566
0.619319
-0.0945561
-0.299848
-0.190446
0.0958301
0.135536
0.426836
-0.72504
0.305194
0.118816
0.202963
-0.901006
-0.101206
0.617786
-0.0936184
-0.336288
0.376515
-0.322572
-0.580855
0.570393
0.362323
-0.231762
0.220019
0.100701
0.217152
-0.593398
0.687579
-0.814515
0.728437
-0.506125
0.148034
0.497138
-0.021969
-1.64487
0.950596
-0.167475
0.380747
-0.59304
0.577866
-0.34823
0.363725
-0.21162
-0.260319
0.598922
0.386029
-0.407896
-0.0243221
0.225092
0.0774916
-0.527985
0.709954
-0.467953
0.344199
-0.611305
-0.0216661
-0.00473968
0.885222
0.148653
-1.33439
0.539222
0.0588552
-0.395493
0.420604
-0.499785
0.306517
-0.094418
-0.269835
0.620964
-1.04698
0.873386
-0.0581173
-1.15053
1.63118
0.261329
-0.449917
-0.918498
1.25534
-0.558922
-0.614006
0.838958
-1.16782
1.34739
-0.942058
0.0421407
0.306667
-0.0560688
0.633058
-0.239302
-0.574064
0.279865
0.179176
-1.01826
1.14856
0.593126
-0.958804
-0.01923
0.534966
-0.330804
0.823798
-0.958872
0.511399
-0.582138
0.164509
0.00301799
0.425767
-0.345129
0.0746108
-0.576191
0.44877
-0.427942
0.314371
-0.45161
0.0269171
0.0459133
0.821732
-0.40233
-0.474017
0.636669
0.187759
-0.0232235
-0.0350742
0.610703
-0.757671
0.447998
0.237458
-0.608935
-0.323193
0.147253
0.754542
-0.547989
-0.500088
0.306464
-0.176924
0.357096
-1.02661
0.626402
-0.0654112
0.138202
-0.041777
-0.0590773
0.0297616
-0.16018
0.892121
0.0361235
-1.06748
1.41773
-0.68842
0.371551
-0.166821
0.0200094
-0.281841
0.232684
0.394147
-1.08775
-0.846001
1.2329
-0.416273
0.170718
0.285297
0.434009
-0.665233
-0.266681
0.199769
-0.0718961
0.0341766
0.367913
-0.185309
0.345503
0.34063
-0.547069
-0.0904009
0.445284
-0.0835235
-0.325998
0.697215
-0.456807
-0.963256
0.809763
-0.611514
0.489485
0.0877632
-0.387494
0.104706
0.181612
-0.111931
0.0626342
0.524848
-0.935677
-0.0919987
1.5556
-0.234347
-1.27376
0.98302
-0.247743
-0.289376
0.22905
0.724369
-0.35546
-0.153375
-0.0223529
-0.261521
0.396748
-0.596572
0.201817
0.259528
-0.676617
0.411137
-0.245844
0.321884
-0.725735
0.11519
0.69874
-0.274647
-0.437913
0.972459
0.416651
-1.03715
0.279029
-0.111995
0.534955
-0.410875
0.171459
0.256146
0.177405
-1.10551
1.25481
-0.558155
-0.263661
-0.0319449
-0.28129
-0.281099
0.549332
-0.910963
0.251076
0.468677
-0.984932
0.792351
0.261603
0.393961
-0.58932
-0.174937
0.283613
0.932352
-0.76045
0.255551
-0.769301
0.978203
-0.150015
0.0905075
-0.577081
0.115841
-0.4582
0.0902666
-0.851774
0.956438
0.292949
0.715285
-1.10935
0.64253
-0.578104
0.540943
-0.88553
1.01528
-0.267907
0.184684
-0.821298
0.786626
-0.102231
0.176523
0.286999
-0.286999
-0.0233446
-0.328694
0.035411
-0.525311
0.665847
0.0217082
-0.545493
0.4021
-0.236742
0.15865
-0.217682
0.254381
-0.373832
0.542564
-0.236738
0.706911
-0.0746336
-0.0962565
-0.320221
0.260815
-0.664639
1.31406
-1.32592
0.967747
0.286406
-0.260356
0.216616
-0.644161
-0.679912
-0.156158
-0.276191
-0.377843
0.992806
0.161687
-0.0732836
0.312456
-0.624844
0.509703
-0.388411
0.200166
-0.441464
0.584968
0.130645
0.610537
-0.566396
0.617999
-0.140878
-0.172161
-0.267172
0.408197
-0.0121207
-1.30657
0.750713
-0.731956
0.760971
-0.150058
0.160447
0.158848
-0.15315
-0.686839
-0.179895
0.152467
0.496534
0.67719
0.0829742
-0.223844
-0.184262
0.635707
-1.24702
0.471691
-0.0213242
-0.128489
0.608704
-0.434757
0.369978
0.390975
-1.13578
0.484219
-0.0600512
-0.0042929
-0.679358
0.155058
-0.24247
0.789172
-0.2737
0.441133
-0.593339
0.679184
-0.0226792
-0.175808
-0.11272
0.736878
-0.624157
-0.0953196
-0.599549
1.07124
-0.433158
0.880316
-0.231558
-0.473413
-0.510563
0.0603301
-0.352769
0.514825
-0.482207
0.598535
-0.747238
0.586112
-0.457055
0.154126
0.427983
0.73304
-0.623962
0.105599
0.0462622
-0.275909
0.0347993
0.349534
-0.32774
0.242657
-0.617545
0.79497
0.353521
-0.376932
-0.902932
0.137848
-0.0519974
0.10637
-0.329297
0.130166
-0.51709
0.671747
-1.2903
1.1358
-0.302275
1.42504
-0.847161
-0.234255
0.269777
-0.299432
0.0464342
0.444847
0.38934
-0.255543
-0.268065
0.476393
-0.978756
0.553743
-0.516683
0.102879
-0.303081
0.199579
-0.520567
0.982865
-0.85333
0.800974
-0.4801
1.05969
-0.578308
0.532186
-0.184398
-0.0363552
-0.406024
0.378612
-0.0577602
0.496476
-0.11939
0.11939
-0.816293
-0.216691
0.324948
-0.317654
0.248388
0.453148
-0.277906
-0.561292
0.35834
0.254688
0.280046
-0.0923337
-0.876433
0.381524
-0.196038
0.926504
0.509988
-0.144956
-1.71775
1.56168
-0.711887
0.527678
-0.449926
0.519562
-0.480777
0.302593
-0.104362
-0.398432
0.0481697
-0.0345083
-0.466268
0.425583
-0.27154
0.560113
-0.222447
-0.671257
0.110392
0.644519
0.359644
0.16092
-0.532157
0.750652
-0.305776
-0.0594646
-0.392972
0.421687
-0.192984
-0.0604525
-0.326347
0.428193
-0.418834
-0.0562145
-0.0831888
0.0714019
0.26654
-0.485447
-0.481477
0.575761
-0.306404
0.165539
0.0166384
0.823007
-0.770176
1.04723
0.121364
0.119436
-0.302589
-0.671004
0.573782
0.196472
-0.285091
-0.157431
-0.801298
0.806984
-0.25144
-0.363312
-0.262166
0.340792
0.228704
-0.849707
0.327322
0.674476
-0.791859
0.211076
0.222857
-1.04643
-0.207731
1.59204
0.569398
-0.896841
0.417951
0.192278
-0.150944
0.0855709
0.0160571
-0.115012
0.687818
-0.757268
-0.239663
-0.0967868
-0.268143
0.390298
-0.589387
0.0600259
0.121989
0.461186
-0.485057
0.226511
-0.29827
0.139857
-0.343528
0.489882
1.16167
-0.0689963
-0.843342
0.213368
0.701856
-0.529772
-0.708106
0.646814
-0.530386
0.433624
-0.409315
0.27541
-0.627386
0.328764
-0.13104
0.47228
-0.119244
-1.05572
-0.142295
0.805008
-0.0751164
0.292645
-0.351368
0.988515
-0.399632
0.634017
-0.539632
0.240423
0.432094
-0.259637
-0.464266
0.533253
-0.386659
0.0785286
0.506247
-0.786029
-0.097813
0.172498
-0.325921
0.072823
-0.361586
0.350025
-1.14821
1.37683
-0.548854
0.319171
0.418534
0.370063
-0.0343866
-0.94308
0.801918
-0.891119
0.270983
0.383977
-0.0865768
-0.544731
-0.0084615
0.815231
0.217154
-0.205674
-1.43458
1.16314
-0.790513
0.297931
0.424968
0.269353
-0.750306
0.621872
-0.433656
0.596439
-0.826848
0.683537
-0.681
0.182567
1.09033
-0.0361118
-0.455816
0.0241106
0.45789
-0.104209
-0.848668
0.733983
-0.481056
-0.58035
0.160545
-0.27106
-0.257462
0.736082
-0.996956
0.660887
-0.00877669
0.729768
-0.227352
-0.911163
0.617315
0.932834
-1.45057
1.4858
-0.21195
-0.249251
0.566864
-0.0491251
-0.641972
0.485679
-0.135346
-0.120466
0.502104
-2.23963
0.6103
0.734896
-0.1739
-0.100266
0.280035
-0.0475265
-0.350709
-0.0996764
0.203581
0.160619
-0.23252
0.903885
-1.48922
1.20243
0.281725
-0.118279
-0.139782
-0.258733
-0.162344
-0.515999
0.364298
0.707793
0.284289
-0.999817
0.508338
-1.48976
0.886969
0.203914
0.129583
0.185531
-0.646639
0.774988
-0.542762
0.192758
-0.372324
1.24914
-0.590952
0.249128
-0.0987034
0.325573
-0.12871
-0.285745
0.163317
0.085266
-0.0946061
-0.547225
0.0658125
0.150481
-0.986821
0.259391
0.395202
-0.473831
0.0382361
0.570823
-0.11468
0.106537
-0.283189
0.330293
-0.307722
0.803209
-0.516834
0.0249579
0.337255
-0.806036
0.862062
0.0591682
-1.5548
1.80344
-0.517685
0.318913
-1.07685
0.360001
-0.126044
0.0137349
0.223751
-0.268368
0.0282686
0.222352
-1.09146
1.27668
-0.577267
0.704667
-1.11887
1.68314
-0.657784
-0.136161
0.22733
0.0687425
0.0883689
0.402664
-1.18825
1.32697
-1.43206
1.11724
-0.190915
0.31888
-0.87587
-0.0578151
0.183495
-0.204895
0.0306976
0.353404
-0.510344
0.780297
-0.723186
-0.0875026
-0.0772397
1.30488
0.283539
-0.281552
-0.297027
0.0291024
-0.791037
0.396551
-0.159
0.278483
0.162883
0.428467
-0.898331
0.0814954
-0.244733
-0.0943123
0.361339
-0.795894
0.0889203
0.299349
-0.241477
0.152754
0.0135457
0.162204
0.73679
-0.513172
0.884893
-0.227081
-1.05558
1.09078
-0.526809
0.225779
-0.647377
0.36141
0.0337596
0.489119
-0.445155
-0.959976
0.395506
0.363361
-0.133507
-0.230568
0.34003
-0.625767
0.572281
-0.197463
-0.313607
0.990264
-0.0313923
0.4922
-0.914935
-0.0840631
-0.709474
0.726034
0.623416
0.0805845
0.117968
-0.654134
0.457336
-0.0458454
-0.00393742
-0.512245
-0.570709
0.398329
-0.0253364
0.127545
-0.184753
0.320067
0.256113
-0.373211
-0.712029
0.01353
0.443084
1.38994
-1.30768
0.532456
-0.173147
0.450387
-0.811129
0.646611
-0.194099
0.411741
-0.0937591
-0.388563
-0.633789
0.134167
-0.531979
1.62412
-0.7768
0.117339
-1.28609
0.741181
0.973448
-0.186015
-0.425064
-0.297621
0.358784
0.400517
-0.982049
0.483016
-0.318737
0.430868
-0.262738
0.607379
-0.0385101
-0.0205001
-0.111954
0.562327
-0.260953
-0.671702
0.0224076
0.342114
0.171703
-1.53443
0.873453
0.43154
-0.336796
0.301167
-0.614868
0.678407
-0.0450918
0.364564
-0.676868
0.685547
-0.555102
0.651338
-0.316734
-0.127771
0.626955
-0.229468
-0.378635
0.107298
0.353397
-0.494412
-0.376984
0.310455
-0.284938
0.303117
-0.221483
0.220699
-0.73827
-0.0973295
1.39589
-0.775615
0.664159
-0.0445821
0.049748
-0.40603
0.374536
-0.07467
-0.145796
0.477537
-1.1648
1.19583
-0.395251
-0.1492
-0.196155
0.0357782
0.116038
-0.46105
-0.159195
0.416168
-0.783481
0.845347
-0.278937
0.282437
-0.0657977
-0.442401
0.826644
0.428239
-0.260687
0.245543
-0.704883
0.323208
-0.218351
0.504471
-0.316495
-0.190349
0.137627
0.232495
0.152193
-0.995703
0.0960019
-0.266834
1.51009
-1.47054
1.4535
-1.36944
1.47418
-0.96392
0.88626
-0.96318
1.02886
-0.0757207
-0.348027
-0.357348
0.19483
-0.330278
0.611104
-0.242411
-0.450077
0.468888
-0.48118
0.460699
0.272793
-0.789966
1.16583
-0.892285
0.896013
-1.46766
1.39858
-1.48167
1.54333
-1.54111
1.62177
-1.27241
1.19545
-0.451642
-0.123625
-0.492633
0.235173
-0.041095
0.172631
0.0899494
-1.45548
1.22057
0.209335
0.101864
0.166982
-1.1272
1.43626
-0.820819
0.820819
-0.938848
0.969043
-1.29491
1.26471
-1.01025
1.09203
-0.952936
0.871155
-0.777611
-0.0562307
-0.085939
0.379432
0.00753678
0.0204297
0.0406959
0.0963634
-0.0502411
-0.25419
0.622167
-0.600638
-0.318132
0.915941
-1.3743
1.45461
-1.73689
1.624
-1.06881
1.22073
-1.40119
0.812324
-0.661007
0.112047
-0.0910878
0.144204
0.460935
-0.00088182
-0.649181
0.507607
0.0972281
-0.181885
0.542501
-0.92293
0.871373
-0.745634
-0.649249
0.198735
0.165493
0.348536
0.108952
-0.284931
0.346214
-0.0736616
-0.112127
-0.25765
-0.085334
1.38961
-1.06321
-0.218961
0.223363
0.373811
0.0309789
-0.021915
0.0961474
0.136521
0.112511
-1.3381
1.38631
-0.575288
-0.242536
-0.102163
-0.416124
0.0529087
0.352675
-0.0778868
0.162509
-0.17149
-0.596308
0.275941
-0.00362851
-0.749418
1.39373
0.0940746
-0.379268
0.448024
-0.072975
-0.447191
-0.153584
0.409256
0.242963
0.0465167
-0.155953
0.135404
-0.240722
-0.00319098
-0.37496
0.147175
-0.445043
0.603887
0.148631
-0.769731
0.588954
-0.186053
0.054303
-0.0124669
0.548245
-0.0876144
-0.0759503
-0.0838308
-0.469099
-0.397891
1.56308
-0.242525
-0.377551
0.132318
-0.280103
0.0219863
-0.708151
0.14871
-0.0382473
0.0990918
0.0739187
-0.38008
0.588291
-0.817809
0.0519981
0.410832
-0.635564
-0.192756
2.14564
-0.266492
0.412261
0.0258585
-0.130235
-0.253074
-0.173881
-0.727829
1.01291
-0.274612
-0.433934
1.1173
-0.847178
-0.231394
0.0617498
-0.555893
0.441976
-0.149165
0.0857052
-0.0528863
-0.223663
1.11173
-1.86207
0.476507
1.23921
-0.0318589
0.00963948
-0.382731
-0.112422
0.261341
0.492564
-1.03419
-0.237476
1.09361
-0.164192
0.203763
-0.801783
0.0985479
-0.766829
-0.351682
0.842372
-0.105836
-0.252249
0.592189
-0.452283
0.0645813
0.567015
0.330328
0.0418081
-0.321566
0.00218569
0.0661441
0.439971
-0.0138322
-0.0839203
0.176091
-0.280345
-0.640271
0.506162
0.0493736
-0.0526026
-0.796112
-0.0112731
-0.417081
0.688844
-0.0909842
0.227253
-0.2769
0.224296
-0.386286
0.0689747
-0.365829
1.40569
-0.27888
-0.425811
0.483803
-0.61817
0.599116
0.112014
-0.205458
0.228394
-0.780031
0.717821
-0.208587
-0.162759
-0.20529
-0.174719
0.241485
-0.0488754
-0.460887
0.489547
-0.181438
0.0112476
0.526913
-1.35039
0.898253
0.889012
-0.366906
0.213354
-0.442476
0.13622
0.0582889
0.0450319
-0.185436
0.492438
-0.527927
-0.141461
0.670727
-0.859413
0.0844003
-0.0165571
-0.27824
0.404553
-0.775633
-0.0354714
0.046838
-0.311497
0.928726
-0.164441
-0.0915885
0.970342
-0.605257
0.441462
-0.108492
0.309105
-0.449894
-0.283103
0.262524
0.471639
-0.33146
-0.256661
0.118457
-0.232563
-0.358471
0.0269067
0.0169599
0.198563
-0.480127
-0.422297
0.301297
0.907513
-0.631232
0.39685
-0.449678
1.2668
-0.681298
0.777865
-0.586329
0.100709
-0.331629
0.456942
-0.0474763
-0.425633
0.0538374
0.721802
-0.143328
-0.168096
-1.05011
0.122852
0.136453
0.501296
-0.32645
0.395725
-0.959851
0.519436
-1.17872
1.25893
-0.0549695
1.08345
-0.472985
0.606936
-0.457051
-0.061887
-0.265702
0.268254
-0.176376
0.200046
-0.0788808
-0.0589302
0.27063
-0.749497
-1.10054
0.813
0.833679
-0.343674
0.361658
-0.982404
-0.472749
1.37121
-0.193715
-0.379965
-0.239031
0.0615951
0.917447
0.145357
-0.131631
0.106732
-0.96279
0.838489
0
-0.0972925
-0.528274
0.636218
0.415955
-1.23374
-0.394646
0.474843
0.488572
-0.272485
-0.499545
0.567772
-0.493827
0.146815
0.0546994
0.0605658
-0.550129
0.786735
0.216873
0.505035
-0.698233
0.794683
-0.383454
-0.186421
0.0966008
0.389901
0.252626
-0.916454
0.211419
-0.152957
0.264498
-0.141281
-0.333817
0.123108
-0.329863
-0.0312452
-0.056755
-0.37646
0.299981
0.371524
-0.854115
1.52584
0.0223481
-0.532237
-0.22562
0.792141
-0.129183
0.220315
-0.595797
0.045488
-0.426709
0.195057
0.600168
-0.218056
-0.677735
-0.0958205
0.114791
-0.282416
-0.753994
1.40573
-0.983086
0.488831
0.180502
0.391061
-0.471001
1.10456
0.234083
-0.768274
-0.351725
0.252822
-0.0674813
0.329166
-0.459677
-0.0503608
0.424913
0.284483
-0.431013
-0.563267
-0.457301
0.802143
-0.701812
0.09097
0.14926
-0.704012
0.832704
0.0982508
0.120602
0.0677639
-0.359005
0.85879
-0.063238
-0.396597
0.215322
-0.149619
0.112485
0.135888
-0.325871
-0.203246
0.302856
-0.310977
0.214872
-0.237006
-0.278091
0.452656
-0.228202
-0.407916
0.84095
-0.129292
-1.09552
1.89887
-0.945617
0.601625
0.51058
-0.504444
-0.311064
-0.233508
0.119598
0.196295
-1.3359
1.56902
0.222146
-0.468104
0.180671
-0.123401
-0.0712159
-0.572657
-0.624702
0.689947
0.201749
-0.0950145
-0.341643
0.424463
-0.964034
1.19469
-0.693888
-0.140422
-0.0408852
1.57137
-0.866477
0.895303
-0.471407
0.129759
0.231322
-0.0162069
-0.310472
0.474793
-0.0879939
-0.204831
0.368766
-1.36817
-0.418333
0.626955
-0.072359
-0.542304
0.436342
-0.0634842
0.681856
-0.530204
0.0878599
-0.161427
0.446187
0.757014
-1.20869
1.05631
-0.247656
-0.557461
-0.259417
0.484829
0.26415
0.66996
-0.612784
-0.0628535
-1.14111
0.607236
0.181382
-0.132774
-0.651749
0.299029
0.0422227
0.155112
-0.150803
0.440531
-0.551192
0.141717
0.270089
0.199991
-0.170027
0.890096
-0.234557
0.124571
-0.254454
0.0662645
-0.450892
0.232108
-0.039659
0.155278
0.342875
-1.22436
0.193338
0.468866
-0.0323793
-0.164122
-0.587665
0.441166
-0.308695
0.472286
-0.509263
-0.285594
0.303059
1.05069
-0.855393
0.953939
-0.701421
0.74145
-0.315753
-0.0394141
-0.289645
-0.00337972
0.356241
0.0686066
-0.0678413
-0.161289
-0.0794453
-0.326037
0.254028
0.337972
-1.16168
0.988027
-0.60369
0.0850767
-0.264857
0.409701
-0.584446
1.11126
-0.599537
0.306318
0.169443
0.0931424
0.0199287
-0.104843
-0.671921
0.592938
0.0570038
0.0803107
-0.00673338
-0.5576
-0.116908
0.138922
-0.0806064
0.113766
-0.265812
-0.216461
-0.0816542
0.579107
0.116322
-0.290523
0.183882
-0.0911766
0.29423
0.111076
0.484988
-0.118233
-0.603923
0.107667
0.437465
0.204493
-0.661913
0.829141
-0.62084
-0.596909
-0.00593759
0.320597
-0.351695
-0.757477
0.48201
0.487863
-0.0718921
-0.387636
-0.201983
-0.429495
0.412066
1.2606
-0.619546
0.6494
-0.321677
-0.361222
0.237254
0.683228
-0.601005
0.549384
-0.121179
0.475237
-1.22628
-0.306357
0.461283
-0.70656
0.120773
0.458879
-0.568023
0.600469
0.0166793
-0.285554
0.0999002
0.36789
1.07164
-0.500413
-0.535397
0.75876
-0.102563
-0.541923
-0.18601
-0.154453
-0.216316
-0.112933
1.14256
-0.46019
0.395072
-0.751902
-0.783408
1.13583
-0.101184
0.132526
-0.658725
-0.86073
1.31598
-0.0996727
-0.0953604
0.0652566
0.938144
0.00190063
-0.75701
0.270467
-0.11313
0.556207
-0.729897
0.447351
-0.305057
0.878415
-1.74293
1.6031
-0.784609
-0.392457
-0.487755
0.433656
-0.0345527
-0.449345
0.0415667
-0.15797
0.0708668
0.563552
0.0299964
-0.24764
-0.12341
1.33674
-0.0872897
-0.0314668
0.248324
-0.372386
-0.118976
0.514728
-0.534931
-0.0698481
0.102915
-0.255043
-0.258318
-0.327693
0.0798357
0.58467
-0.409589
-0.337174
-0.0416386
0.334949
-0.386316
-0.480243
0.102654
0.601007
-0.777283
1.314
-0.138441
0.647571
-0.684713
0.505761
-0.437923
-0.382386
0.49743
0.0431396
0.332524
0.201186
-0.130388
-0.147364
-0.730217
-0.0761799
-0.466224
0.666721
-0.629063
0.726834
-0.934376
0.12557
0.753576
0.35626
-1.25716
0.999391
-0.869346
-0.104546
1.45527
-0.30103
-0.139612
0.0478606
-0.463057
0.500286
-0.299082
-0.0743627
0.0965737
0.0599979
-0.609239
-0.0168609
0.167229
0.112663
0.367526
0.899501
-0.758345
-0.180743
0.317373
-0.217471
-0.0167545
-0.181535
0.843298
-1.03406
-0.184187
0.337883
-0.401329
0.575243
0.56773
-0.071079
0.00710809
-0.908963
0.801014
-0.249143
-0.357089
-0.116766
-0.0825003
0.477909
-0.950959
0.470172
0.231336
-0.125715
-0.758872
0.420793
-0.126982
1.56548
-0.143727
0.0949086
-0.546911
0.522643
0.249877
0.2156
-0.983132
0.370853
-0.61019
0.225235
0.198331
-0.882913
0.110458
0.256421
0.37352
-0.533054
-0.227454
0.59709
-0.250706
-0.322964
0.601338
-0.479615
1.05836
-0.846502
-0.153169
0.285228
0.0111199
1.11742
-0.947888
0.872508
-0.408315
0.367356
-0.725095
0.770852
-1.08814
-0.296675
-0.053819
-0.56926
1.13866
0.0367228
-0.386143
-0.104715
-0.992429
0.80243
0.850608
-0.7511
1.66053
-0.3928
-0.910777
1.11905
-0.762082
-0.245097
-0.266268
0.950697
-1.17935
0.395712
0.533094
-0.243887
-0.0202998
-0.188461
0.467012
-1.21634
0.706413
-0.56215
0.0870127
0.0347687
-0.310704
0.644575
0.44213
-0.929963
0.903998
0.277447
-0.175785
-0.591363
0.464286
0.315911
-0.297706
0.106429
-0.409836
0.20072
0.29505
0.17166
-0.216748
-0.795103
-0.0346218
-0.0738667
-0.1012
0.49399
-0.061666
-0.349608
-0.0534949
0.317993
0.00742406
-0.9185
1.12083
0.206993
-0.559705
1.10763
-0.638801
0.809497
-0.085502
-0.348682
-0.449372
0.116607
0.250145
0.0915905
0.504395
-0.923704
-0.237497
0.0699255
0.347853
-0.715551
-0.0358766
-0.0943547
0.384482
0.0977013
-0.0111698
-0.196027
-0.350319
1.33889
-0.48015
0.456849
-0.749305
0.248021
-0.243767
0.11679
0.776122
-0.740915
0.153133
0.182613
-0.547384
-0.286914
0.55501
-0.600408
0.315533
-0.361196
-0.592104
0.792747
0.314408
-0.433937
-0.26878
1.10886
0.686719
-0.60062
-0.44364
0.312612
-0.625808
0.621032
-0.0196033
-0.1859
0.188429
-0.0085405
-0.494352
0.207994
0.672278
-1.03597
-0.137776
-0.129456
-0.227208
0.170527
0.620291
-0.825361
0.52378
0.332868
-0.429183
0.442651
0.092475
0.00947149
-0.0965392
0.419098
-0.0239933
0.13509
-0.0268218
-0.554196
0.25356
0.279859
0.014516
-0.546613
-0.305421
0.226718
-0.510593
-0.280139
0.364326
0.00758338
-0.0561457
0.955045
-0.515419
-0.216109
-0.0154072
-0.0980041
0.42499
0.831158
-0.648247
0.635535
-0.633598
0.659405
-0.586649
0.0459701
0.253913
0.249962
-0.4712
0.706837
-0.703615
0.440373
-1.34874
0.484777
0.05509
0.0440907
-0.510467
0.581408
0.549906
-1.18022
0.0186278
0.422641
-0.340995
-0.491239
1.81171
-0.194265
0.0208335
0.194621
-0.0664693
-0.297432
-0.266057
0.100449
0.167056
0.260231
-0.742637
-0.465589
-0.206291
1.0308
-0.926133
1.06813
-0.819154
-0.0843141
-0.0752896
0.378783
-0.356197
0.204941
0.391547
-0.110318
0.0528222
0.173493
-0.275011
0.697826
0.0259006
0.0500923
-0.712375
0.336497
0.0837892
0.0446009
-0.65287
-0.455649
0.0855006
0.503619
-0.369902
-0.316883
0.850254
-0.432368
-0.138029
0.59196
-0.734488
-0.586012
-0.224452
1.73297
0.06448
-0.164239
0.271475
-0.300213
-1.49743
1.67907
-0.184907
0.0571809
0.191886
-0.310998
-0.448764
0.294073
-1.27825
1.36983
-0.354106
-0.570579
0.336227
0.534441
-0.505721
0.290916
-0.334074
-0.0994088
0.370582
0.627009
-0.258464
0.124166
-0.121841
0.17327
-0.122075
0.0942018
-0.552432
0.47465
0.205055
-0.388605
0.162287
-0.454689
0.226951
-0.323158
0.23907
-0.355802
-0.422951
0.246382
0.159312
0.0785845
-0.274308
0.579208
-0.308372
0.87936
-0.00887047
-0.312034
0.0667822
0.237221
-0.362736
0.290798
-0.34329
0.481733
-0.797669
0.438164
0.404233
-0.834319
-0.255231
0.555258
-0.639337
0.117837
0.179533
0.141303
-0.859827
0.907445
-0.688462
1.06252
0.965206
-0.585411
-0.302525
-0.346787
-0.451454
0.902299
-0.315637
0.220628
0.0321456
0.530605
-0.551429
0.470396
-1.46673
0.80639
-0.432857
-0.119971
0.0433863
0.00114741
-0.185323
0.806385
-0.474494
-0.203186
0.456968
-0.466041
0.074875
1.04385
-0.322893
0.122328
-0.144212
-0.0372992
0.370432
0.466902
-1.25844
0.392222
0.511425
0.126926
0.192328
-1.20856
-0.169322
0.171824
0.0101549
0.351245
-0.396607
0.489213
-0.876559
0.375062
0.0200057
-1.16701
0.505641
0.83746
0.245969
0.373276
0.0684574
-0.279311
-0.105183
0.300484
-0.408717
0.60548
-0.364777
0.138488
-0.187494
-0.766975
-0.101863
0.380605
-0.117454
-0.816509
0.195973
0.578786
-0.50213
-0.314154
-0.242993
1.15459
-0.297768
0.368819
0.732131
-0.0736386
-1.26246
0.918322
0.126294
-1.04516
1.03385
0.308738
-0.151056
-0.00168661
-1.14007
0.550177
-0.449347
0.321014
-0.437646
0.322849
-0.162488
-0.20955
0.0935246
0.101886
-0.477341
0.532379
1.66294
-1.00129
0.369122
-0.034685
-0.159416
-0.0433129
0.277304
-0.0810098
-0.574031
0.223881
0.506619
-0.75944
-0.189979
-0.106244
-0.00400911
0.0165001
-0.0495309
0.210721
-0.0744348
-0.086163
-0.278829
-0.104446
0.292816
-0.151732
-0.254071
0.90861
-0.264104
0.186561
-0.691992
1.20826
-0.0633246
0.324188
-0.188695
-0.0425656
-0.174888
0.356876
-0.290631
-1.41964
0.556292
0.480692
-0.37367
-0.0447111
-0.150935
0.00488593
-0.110393
0.726303
-0.593216
0.397189
-0.800688
1.41802
-0.35151
0.430864
-0.285197
-0.0100941
0.0441849
0.144967
-0.402623
-0.222747
0.0625772
0.276206
-0.237913
-0.578825
0.0316485
0.0427093
0.496533
-0.468459
0.0542929
-0.0987604
0.141965
-0.576317
0.729787
0.0378411
-0.219669
0.132347
0.37121
0.511127
-0.035819
-0.298762
-0.509252
0.257786
-0.320712
0.810242
-0.495353
-1.09961
-0.187392
0.704683
-0.222493
-0.12076
0.00483238
0.187358
-0.182929
0.532529
-0.241893
0.766751
-0.14158
0.181271
0.949314
-0.267538
-0.16181
0.143862
-0.365458
0.21038
-0.382155
-0.293047
-0.322949
0.981259
-0.325196
0.358383
-0.732867
-0.367605
0.355949
0.0587813
-1.25102
0.626634
-0.0509301
0.0656879
0.374912
-0.107248
0.763308
-0.440153
0.0159251
0.385052
0.451241
-0.219329
-0.381383
0.638174
-0.824495
0.126308
0.0850213
-0.09586
-0.688131
0.697405
0.244016
-0.605981
0.232558
-0.957036
-0.482117
1.25883
-0.551846
0.222566
0.0426499
0.0938295
-0.153192
0.272721
-0.0274118
0.622733
-0.425331
-0.0191803
0.206782
0.818661
-1.23907
0.592101
-0.379618
0.343932
0.00252641
0.0953924
0.432755
-1.18823
-0.757145
0.527192
-0.000130511
0.47058
-0.278368
-0.043925
-0.0956963
0.162674
0.156865
0.442844
-0.853061
1.35744
0.0166523
-0.289563
0.0657381
-0.0214307
-0.636451
0.694902
-0.836067
-0.154257
0.294679
0.53644
-0.451284
-0.450369
-0.541294
0.606684
0.0991005
-0.00878794
-0.646031
0.689708
0.0421021
-0.0213619
-0.139689
-0.120367
0.126864
1.1088
-0.780238
0.45421
-0.298951
0.179078
0.226823
-0.636997
-0.518397
1.15012
-0.371386
0.532754
-0.859288
-0.350628
-0.28639
0.343866
0.507265
-0.69492
0.759172
-0.270486
-0.149131
0.131311
-0.210673
0.229411
-0.107712
1.05241
-0.0106581
-0.42399
-1.31462
-0.24541
1.39771
0.774415
-0.958059
0.278597
-0.134699
0.216178
0.0802067
-0.0565264
-0.236421
-0.280303
-0.361821
0.0862926
0.120741
0.0647439
-0.679074
0.23559
0.200083
0.0415607
0.635955
-0.420943
0.176505
0.00207502
0.382213
0.273817
-0.202586
0.409921
-0.511182
0.192302
-1.12697
0.79569
0.12426
-0.52315
0.0854656
-0.673151
0.246769
0.2799
-0.224059
0.509463
0.200768
-0.744641
-0.0311575
0.342447
0.106396
0.664496
0.0394338
0.288318
-0.793737
0.178921
0.523284
0.0882037
-0.534975
0.643646
0
-0.139076
-0.129933
-1.46914
0.736875
-0.0494984
-0.459403
0.383326
-0.00490019
-0.153343
-0.526442
1.32529
-1.12648
0.425294
-0.156048
0.654857
-0.440125
0.729963
-0.193582
0.545977
-0.584491
-0.421023
0.668692
0.416385
-0.734262
0.310886
-0.721931
-0.161317
-0.18303
0.56037
-0.433542
0.33115
0.150378
-0.476517
0.099742
0.37587
-0.398723
0.241207
-1.06578
1.35258
-0.293249
0.403032
-0.20327
0.560578
-0.445881
0.109449
-0.377737
0.892646
-0.936954
0.718709
-0.0511525
-0.977114
-0.39272
0.485227
-0.172129
-0.060904
0.341746
-0.339754
0.153857
0.398573
-0.107647
-0.622523
0.208374
0.634422
0.0100319
-0.274887
0.787734
0.0637291
-1.10471
0.6497
0.658336
-0.572623
-0.0560134
0.0537631
-0.113425
-0.589121
-0.103844
-0.0105614
-0.384212
0.0822427
0.28265
-0.290305
0.435877
0.0820962
0.110667
0.179582
-0.00241948
0.348578
0.0893492
-1.02269
0.79602
0.207974
-0.709127
0.659306
-0.309113
0.18685
-0.00330266
0.0197113
-0.33096
-0.624537
-0.021682
0.515749
-0.425884
0.119113
-0.189199
-0.264428
0.550265
0.431416
-0.173537
0.266224
1.07639
-0.800532
-0.231653
-0.480854
-0.0665255
0.61252
-0.141729
0.699295
-0.289492
0.16212
-0.902179
0.606029
0.0979848
-0.164932
-1.33415
0.65398
0.0101094
-0.0575984
-0.157522
0.190753
-0.0219628
0.321402
0.178746
-0.412706
-0.102922
0.618248
-0.327526
0.00904213
0.155959
0.864745
-1.02284
-0.00728957
-0.36281
0.271529
-0.0598189
0.725702
-0.728514
0.0268381
0.0610245
0.463134
-0.27562
-0.145517
-0.486557
0.431364
-0.0486799
-0.589882
-0.106045
1.13121
-0.666934
0.624314
-0.0221714
0.725008
-0.68315
0.252571
0.270064
0.201202
-0.326446
-0.264818
0.053332
0.372306
-0.583116
-0.487823
0.477571
-1.1454
0.477871
0.0848969
0.320994
0.131834
-0.355785
0.00757255
0.158156
-0.642334
1.12993
0.245155
0.293236
-0.31455
0.133339
0.32426
-0.817297
0.757222
-0.215148
-0.429437
-0.344473
0.632511
-0.613118
-0.104114
-0.262364
-0.256198
0.219729
0.136456
0.0964578
0.535049
-1.05493
0.0689993
-0.0646088
0.359811
1.5781
-0.887886
0.315718
-0.294038
0.477121
-0.238131
-0.497624
-0.234805
-0.361614
0.457655
0.519275
-0.294521
0.217739
-0.647155
-0.0491599
0.0290305
-0.188172
0.725435
-0.319151
-0.891057
0.66716
0.595093
-0.836761
0.433029
-0.264304
0.442284
0.19895
0.14443
0.0195449
0.0190232
-0.253508
0.155879
0.113771
-0.227935
-0.1834
-0.20488
0.269466
-1.11343
0.218442
0.394824
-0.148129
0.0897116
-0.116183
-0.069288
-0.220208
0.837136
-0.76017
0.324918
0.167741
0.399026
-0.196449
0.224161
-0.716296
0.901353
-0.0595146
-0.472909
0.145835
-0.294144
0.275423
0.417687
-0.092205
-0.765508
0.194162
0.266868
-0.431457
0.567761
-0.427025
-0.557603
0.361991
-0.0606361
0.489579
-0.759223
-0.251711
0.805562
0.386406
0.173966
-0.525099
0.556655
0.175115
-0.0936811
0.0592565
-0.0662708
-0.197768
0.174073
-0.186757
-0.100892
-0.482654
0.189336
-0.0364657
0.238458
-0.100338
-0.155266
-0.0534953
0.05605
-0.222233
0.143907
1.49125
-0.720317
-0.863202
0.268302
-0.365679
0.961843
-0.599042
0.170313
-0.263991
0.553613
-0.578087
0.595433
-0.268772
-0.383163
-0.273186
0.415451
-0.120291
0.280338
-0.906206
0.212182
0.340205
-0.0815104
0.0163935
0.915071
-0.838052
0.961207
-0.251099
0.405493
0.127486
-0.334611
-0.0887951
0.155086
0.0474953
0.147359
-0.690255
0.643922
-0.306808
-0.612613
0.711761
0.00808762
-1.0327
-0.00854668
0.589908
-0.729787
1.01942
-1.03996
0.742601
-0.32944
0.260592
0.90943
-0.69383
0.613341
-0.106597
0.0429282
0.0735774
0.0666685
-0.0426302
-0.373241
0.0626082
-0.358374
0.400977
-0.828456
-0.0645165
0.225807
-0.2024
0.246816
-0.110102
-0.230293
0.128374
-0.224433
0.97623
-1.13555
0.502738
0.52349
-0.034668
0.472627
-0.189845
-0.243193
0.0202623
0.239488
-0.523666
0.319968
-0.0460389
0.0865878
-0.420232
-0.346832
0.49561
-0.837167
0.662457
0.0177864
0.118171
-0.00489032
-0.407485
0.154672
-0.0300747
0.147965
1.19115
-0.244253
-0.249574
0.0742923
-0.694409
0.168301
0.168913
0.0889734
0.0942964
0.192127
0.323573
-0.633799
-0.0608776
-0.76241
0.3785
-0.373878
-0.119091
0.43938
0.17165
-0.766362
0.282791
-0.154569
0.151253
-0.262872
0.0203785
0.190241
-0.0351519
0.56733
-0.0755212
-0.0478802
0.313925
-0.323351
-0.370833
0.914055
-0.136865
-0.322116
0.23203
-0.290665
0.109145
-0.123298
-0.0640777
-0.0193378
-0.0182839
-0.123099
0.228293
-0.297506
0.488321
-0.767819
-0.148457
0.489796
0.187545
-0.835303
1.00207
0.130872
-0.246586
0.585593
-1.38956
0.666762
0.525679
-0.978443
1.11927
-0.659585
-0.706281
0.370976
-0.122716
0.627725
0.405092
-0.788675
-0.0536042
0.301738
-1.04551
0.811058
0.396841
0.638541
0.0539599
0.266918
-1.30877
1.03515
-0.609075
-0.27401
0.676476
-0.0731071
-0.815126
0.807332
-0.145883
-0.279979
0.0708273
-0.214511
-0.0669468
-0.335594
-0.150939
0.421488
-0.54458
0.496949
-0.127265
0.436009
1.01104
-0.453048
-1.38325
1.51959
-0.00459572
-0.201253
-0.108078
-0.609839
0.636027
-0.194994
-0.124685
-0.479145
0.818309
-0.328773
-0.00503422
-0.731666
0.255701
-0.378438
0.138296
0.0822269
0.188707
0.3455
-0.448991
0.0544302
0.725029
-0.0661038
0.434299
0.0713013
-0.127186
-1.18742
0.296772
-0.0727635
0.609883
-0.113622
0.697596
-0.103263
0
-0.378405
-0.941404
-0.117124
-0.372919
0.602255
0.106027
0.249576
-0.0966058
0.185731
0.0142301
0.14478
-0.334894
0.42979
-0.141639
0.275983
-0.260815
0.213994
-0.149335
-0.40799
0.31546
0.284147
-0.418089
0.347395
-0.0500852
-0.948313
0.229731
0.420698
-0.447936
-0.71251
-0.191078
0.954217
-0.226174
-0.109857
0.375107
-0.409461
0.127265
1.37002
-0.274027
0.00743811
-0.187878
0.135338
-0.477613
0.530153
0.100888
-0.317031
-0.776544
0.146875
0.539397
-0.434932
-0.47692
-0.0500978
0.138
0.274099
0.480033
-0.562451
0.155423
-0.0439688
-0.568738
0.254991
1.77503
-0.504926
-0.41575
0.376095
-0.237738
-0.709043
0.27924
0.449809
-0.354383
0.492763
-0.603338
0.546628
-0.473864
-0.399697
-0.334797
0.8269
-0.109663
0.11593
-0.501167
0.015916
0.0876897
-0.0905713
-0.499218
0.239196
0.110798
0.736957
-0.138519
0.391495
0.000711385
-0.324249
-0.138149
0.0710579
0.155481
0.0796779
-0.622799
0.864473
-0.38187
-0.718872
0.121515
0.138735
-0.0820918
-0.0458714
1.62297
-2.14966
2.14577
-1.25311
1.18839
-1.20266
1.28722
-1.12898
-0.233102
0.178212
0.100982
0.385543
-0.387884
0.022944
-0.259936
0.356407
-0.0528569
0.267736
-0.725104
0.0348639
1.3062
-1.42268
1.42268
-1.10865
1.15906
-1.48485
1.44345
-1.44575
1.4612
-1.79684
1.90329
-0.446583
-0.853239
0.301837
-0.37462
0.976277
-0.46567
0.427075
-0.294331
0.323346
-0.667877
0.334888
0.132835
-0.962139
1.41978
-1.18271
1.39142
-0.557072
0.462014
-0.119335
0.0735774
-1.2089
1.23648
-0.984047
0.924279
-0.466656
0.0352921
-0.522189
-0.402883
0.621179
-0.0621098
0.276042
-0.149451
0.186476
-0.60206
-0.0663652
-0.80978
0.186115
1.84697
-1.57144
1.49777
-1.76343
1.84819
-1.27915
1.36133
-1.81277
1.70162
-1.25488
1.26552
-1.23024
0.250065
0.275497
0.334142
0.150122
-0.801291
-0.0134468
-0.0581574
-0.0255789
-0.332864
1.03347
-0.206511
-0.929619
1.50686
-1.61723
1.35137
-1.04471
1.47243
-2.32195
2.21489
-1.86021
1.57027
-1.64996
1.69116
-1.13269
0.900671
-0.47551
0.0463858
0.489882
-0.755363
0.27045
0.100789
0.30103
-0.338866
-0.140541
0.243799
-0.437877
-0.289954
0.170456
1.15943
-1.41085
1.40293
-1.56522
1.4953
-0.787697
-0.572771
-0.526399
1.87155
-0.378596
0.0951154
-0.247492
-0.176091
0.550017
-0.933278
0.83101
-0.198013
-0.487497
0.110612
-0.0431356
0.357274
-0.818618
1.42133
-1.11053
0.962178
-1.04707
-0.00461843
-0.818294
0.307409
-0.0603259
-0.096681
0.126764
0.814971
0.294605
-0.607192
0.174145
0.247147
0.487538
-0.226206
-0.0593447
-0.260424
-0.101111
-0.00599039
0.366267
-0.454326
-0.432841
1.68525
-1.83222
1.73373
-1.81039
1.71474
-0.982744
1.14639
-2.44661
2.50145
-1.66294
1.52464
-1.04442
0.609806
-0.67345
0.290271
-0.385758
0.0486178
0.247311
-0.334287
-0.140449
0.425759
-0.39022
0.822726
-0.439498
-0.109988
0.0030874
1.10855
-2.05844
2.10017
-1.85403
1.76522
-0.776661
0.804294
-0.890221
0.896608
-1.16808
-0.0668844
0.678665
-0.0790323
0.385457
-1.39975
0.26634
0.753195
-0.531168
-0.4219
0.450565
0.603961
-0.462595
0.978545
-1.48415
1.59778
-1.40694
1.35714
-1.7214
1.73239
-2.10515
2.043
-1.48886
1.62797
-0.862472
-0.0942254
-0.399797
0.0768086
0.18136
0.259605
-0.160836
-0.582553
0.362215
-0.316509
0.749479
-0.486903
-0.221802
1.34698
-1.76597
1.8303
-1.7273
1.68557
-1.69242
1.78031
-1.42133
1.27173
-0.975447
1.11303
-0.990823
-0.0984396
-0.594603
1.29229
0.231572
-1.21905
0.899313
-0.699754
-0.879099
0.980735
0.0669468
-0.712614
1.10311
-0.214405
-1.33018
0.743248
0.363811
-0.109106
-0.490529
0.0586874
0.0730209
0.0701938
-0.770737
0.4971
0.995458
-0.256162
0.271741
-0.118279
-0.0928647
-0.0347979
-0.000428495
0.341396
0.0814432
-0.51992
0.141698
-0.194825
-0.76278
0.274587
-0.186791
0.893712
-0.619749
-0.385188
0.778697
-0.416026
-0.286681
0.0211805
0.3318
0.138736
0.420506
0.121734
0.20412
-0.346583
-0.0640453
-0.383408
0.0871684
0.731031
-1.14256
0.361005
0.516553
-0.595705
-0.159036
0.281747
-0.0889777
0.207188
-0.798455
0.425982
0.321176
0.216506
-0.206955
-0.0348346
0.0921541
-1.04095
1.30098
0.345269
-0.211103
-0.26746
-0.0138108
-0.352105
0.415004
-0.301231
0.348873
0.303736
-1.1618
0.248101
0.0989843
-0.192014
-0.662002
0.466769
0.748711
-0.164575
-0.458932
0.863133
-0.17738
-0.632587
0.595596
-0.20124
0.58294
0.231997
-0.581096
-0.101185
-0.258497
0.921774
-0.751919
0.413987
0.038899
0.43337
-0.567712
0.21957
-0.820281
0.488315
-0.199035
0.138452
-0.757906
0.595734
-0.112775
0.149352
-0.154039
0.43675
-0.622011
0.368315
-0.214201
0.0367086
0.893917
-0.725798
0.868923
-0.964904
-0.784676
-0.100738
0.664309
0.19389
-0.546693
0.832289
0.621978
-0.377722
0.105872
-0.918128
0.515186
0.740694
-0.383091
0.365216
-0.535478
-0.205203
0.620585
-0.315399
-1.03728
0.439908
0.278721
0.262676
-0.603329
-0.15656
-0.0664978
0.481353
-0.576643
0.409142
-0.144862
-0.0551393
0.938546
-0.131072
0.294059
-0.155317
-0.684613
0.401857
-0.282481
-0.639426
0.810415
-0.106099
0.781526
-0.767235
-0.0452518
0.239072
-0.748892
0.736247
-0.30127
-0.472384
0.391132
-0.139061
-0.329433
0.123747
0.400191
0.674611
-1.10982
0.438381
0.814166
-0.739148
0.012613
0.269124
-1.17339
0.409343
-0.33418
0.535514
0.329238
0.246601
-1.02786
0.421033
-0.322706
