0.282402
-0.0151863
1.16287
-0.376157
0.400246
-0.495444
-0.255741
0.519863
-0.314394
-0.618546
0.415426
-0.609142
1.00635
-0.547102
0.82176
-0.440086
0.337133
-0.0675699
-0.025394
-0.883955
-0.0688168
0.483652
-0.428206
0.20564
-0.0626254
-0.087122
0.0488425
0.154821
-0.0172985
-0.149982
-0.444657
0.647427
0.844878
-0.407686
0.370797
-0.453378
0.451966
-0.417245
-0.539029
0.280472
0.0314531
0.366487
0.162187
-0.593055
-0.985932
0.864315
0.573823
-1.00958
0.0947378
0.315917
0.00236676
0.405119
-1.40615
0.0107465
0.111125
0.813907
0.940013
-0.824279
0.628389
0.091049
0.0479624
-0.281754
-0.153541
-1.04777
1.56748
-0.16164
0.126757
-0.509861
0.0958975
-0.473359
-0.523086
0.385901
-0.0207102
0.017417
-0.399005
0.688302
-0.806313
0.79012
-0.436292
0.427913
0.618199
-0.572916
0.344437
-0.93123
1.38787
-0.255469
-0.572919
0.602322
-0.29202
-0.00373247
0.219026
-0.615903
-0.733378
0.250057
0.240527
-0.310719
0.24228
-0.241267
0.636305
-0.330838
-0.40314
0.327853
-0.0131766
0.570311
0.254615
-0.358488
-0.0316293
0.349981
0.39794
-0.703736
0.058924
0.643317
0.0136439
-0.314674
0.333559
-1.3105
-0.405414
0.69641
-0.154548
0.364365
-0.278649
0.10892
-0.07281
-0.626935
0.0705929
-0.357367
-0.16146
1.47525
-0.0811476
0.443664
-0.150003
-0.360226
0.516885
-0.311795
0.265702
-0.534264
0.285661
0.160837
-0.0933223
0.25577
-0.906546
-0.0912095
-0.344097
0.829212
-0.374606
0.166788
-0.058737
0.220165
-0.582985
0.72327
-0.861842
0.511485
0.226958
0.483594
-0.553249
0.528904
0.129152
0.096661
-0.199114
-0.168151
0.0840157
0.0111616
0.354015
-1.17115
0.179499
-0.125742
-0.307236
0.567468
-0.885731
0.813566
0.028123
0.244834
-0.45093
0.603
-0.58771
0.0730484
-0.0232463
0.0846424
0.697481
-0.430078
0.525751
-0.610216
0.717015
-0.984186
0.727454
0.0208979
-0.0470554
-0.572244
0.255383
-0.0367675
-0.243255
-0.129471
0.329927
-0.164085
-0.177285
-0.00387265
-0.624657
0.0927681
0.600746
0.143803
0.843275
-1.2434
0.454308
0.236421
0.185505
-0.438614
0.624534
0.0103745
-0.0512586
-0.324154
0.194575
-0.667521
-0.0556851
0.192839
0.0536653
-0.153682
0.0399651
0.114348
-0.303964
-0.297253
0.626326
0.0490131
0.319112
0.345345
-0.498841
0.169926
0.0733863
0.0103562
0.222723
-0.290511
0.428404
-0.85904
0.825784
-0.57366
0.656195
-0.765339
-0.183256
-0.0434206
0.224946
-0.109113
0.120189
0.17683
-0.324768
-0.0979169
0.156509
-0.0468856
-0.920974
1.51301
-0.333516
-0.373475
0.826622
-0.249183
-0.0490616
-0.144207
-0.315813
0.300836
0.477897
-0.909447
1.05955
-0.39794
-0.918999
0.243971
-0.0794593
-0.0848384
0.108886
0.266456
-0.610456
0.667126
-0.29974
0.057955
0.138432
0.146087
-0.0264627
0.464731
0.224717
-0.302988
0.239795
-0.344065
0.281013
-1.04617
0.767209
-0.68866
0.292163
-0.383024
-0.087018
0.00983616
-0.10676
0.371423
0.0831752
0.0056163
-0.233922
0.279338
-0.150993
0.0699334
-0.717466
1.43763
-0.457413
0.429434
0.129602
0.0895696
-0.438228
0.167986
-0.0640537
0.0424615
-0.0795941
-0.327298
0.186657
-0.964687
-0.438578
0.628422
0.346224
0.133222
-0.254284
0.384165
0.2691
-0.14822
-0.904393
0.684366
-0.000810599
0.463371
0.134057
-0.0835661
-0.532876
0.433462
0.076874
0.0605096
-0.00287614
-0.540573
-0.119277
0.808854
-0.756229
0.342033
-1.21519
0.377946
0.0963867
0.505221
0.190932
-0.526515
0.188165
-0.744647
0.403045
0.242635
0.524936
-0.298877
0.287012
0.0379786
-0.312288
0.12125
0.119682
0.0928647
0.634909
-1.37291
0.67477
-0.0292443
0.331935
-0.805556
-0.995775
1.60097
-0.684247
-0.132363
0.262908
0.321282
-1.04738
1.11326
-0.756282
-0.361221
0.370402
0.365255
0.801781
-0.767525
0.789703
-0.19386
-0.115499
-0.584104
0.871285
-1.05261
0.585957
0.43146
0.249589
-1.05558
-0.315423
0.203832
0.658856
-0.114788
-0.175602
-0.206805
0.312431
-0.520468
0.0694026
0.705652
-0.453484
0.470069
0.418838
-0.651851
0.683565
-0.356547
0.151811
-0.725069
0.645546
-0.298027
0.486695
-0.421824
0.371993
-0.494049
-0.755895
0.749899
0.322778
-0.360194
-0.851104
1.15419
-0.134104
-0.184738
-0.0411232
-0.103214
-0.303972
0.609512
-0.149524
-0.0146331
0.737592
-0.303703
0.207866
-0.186943
0.0084697
-0.295772
0.633468
-0.351723
0.179787
-1.18672
0.493358
-0.174396
0.236761
-0.373293
0.138613
0.258432
-0.349154
0.383486
-0.577958
0.209026
-0.826732
1.33949
-0.0512677
0.0374956
0.459895
-0.653212
0.691001
0.044881
-0.215143
-0.452235
0.460856
-0.539849
0.063091
-0.403998
-0.45624
-0.116376
0.427902
0.564614
-0.330164
0.563978
-1.32866
-0.053782
0.31669
1.1448
-1.18815
0.928091
0.072512
-1.28485
1.28134
-0.343057
0.608214
-0.0575326
0.242435
-0.283096
0.405699
-0.59359
0.410718
-0.828896
-0.298209
0.419895
-0.000240003
0.0436299
0.0882423
-0.245446
-1.05091
1.23662
-0.511513
0.719789
-0.642662
0.454387
0.637911
-0.266858
0.356737
-0.268967
-0.700163
0.981999
-0.150306
0.109805
-0.458896
-0.278481
0.229171
-0.351926
0.203628
0.0544451
0.120009
-0.822829
0.809317
-0.750861
-0.478048
0.772882
-0.234692
0.366559
-0.317495
0.0967745
1.03601
-0.771973
0.492833
-0.899592
0.532945
0.210895
-0.0257241
-0.228224
0.490278
-0.251215
0.638568
-1.3804
0.471944
-1.0774
0.603283
0.449293
-0.533641
-0.309216
0.106953
0.363406
0.602735
-0.358543
0.0815952
-0.0321167
0.842892
-0.070889
-0.102111
-0.3457
0.0869947
-1.26997
0.545003
0.44615
-0.020217
-0.134985
0.902671
-0.632414
-0.810531
0.105043
-0.0406289
0.391466
-0.108568
-0.406625
0.291379
0.404594
-0.388942
0.609396
-0.699492
0.843709
0.310845
-0.198657
0.306562
-1.17842
1.00928
0.129634
0.112059
-2.17823
2.16163
-0.417056
0.215204
-1.23205
0.623503
0.0557974
-0.422933
0.325769
-1.00506
0.435706
0.419138
-0.0421943
0.222721
0.366614
-1.34395
0.918457
0.758121
0.0759158
-0.0920027
-0.369103
0.378415
-0.125275
-0.304042
-0.224343
0.717259
-0.232003
-0.314947
-1.00684
0.708689
-0.174829
0.523524
-0.183473
-0.0258886
-0.544899
-0.129092
0.513396
-0.288681
0.284466
-0.00125638
0.404153
0.488402
-0.373769
-0.0235174
0.3553
0.00297465
-1.04772
1.08348
-0.269966
0.0666568
-0.187442
0.133144
-1.41152
0.861476
-0.48413
0.542952
-0.438465
0.102873
-0.87418
0.870063
-0.0148114
-0.184107
-0.237788
0.0143033
0.194542
1.37904
-0.0816701
0.08167
-0.558274
0.119623
-0.410969
-0.394272
0.758735
0.202286
-0.141925
0.223259
-0.606742
-0.136925
0.539841
-0.648608
-0.126836
-0.226246
1.04745
-1.24544
0.635476
0.0920185
-0.249443
-0.184121
0.688489
0.358703
0.211108
-0.0645723
-0.532905
-0.358786
0.792502
-0.03703
-0.0859146
0.109512
-0.896286
-0.571289
0.441168
-0.139875
0.542193
-0.135867
0.265546
-0.436822
0.27025
-0.104495
0.522123
-0.0184834
-0.431364
-0.0578523
0.571302
0.225018
-0.24426
-0.100382
-0.175538
0.409542
-0.812767
0.463757
0.0307827
0.524248
-0.850076
-0.675809
0.340945
-0.0319429
-0.0679234
0.567633
-0.66884
-0.00392917
1.12629
-0.6756
0.605226
-1.03836
0.509804
-0.207089
-0.432458
1.17523
-0.793894
0.597469
-0.0667511
0.00432926
-0.100847
0.577969
-0.317904
0.376235
-1.05079
1.2235
-1.46938
0.129348
0.0230351
0.322482
-0.40785
0.837723
-0.0760508
-0.442513
-0.382664
0.542792
-0.0227825
0.0069193
0.292284
-0.0252285
-0.26659
0.798155
-0.18716
-0.0493538
-0.352559
0.503121
-0.525152
0.729752
-0.121563
-0.00289532
-0.84158
0.471957
-0.512404
-0.265644
-0.327812
0.834134
-1.26147
0.529272
1.02153
-0.767983
0.212787
-0.539114
0.418124
0.950473
0.0705811
-0.544068
-0.358667
0.86471
-0.315732
0.400145
-0.0392338
0.0176686
-0.418198
0.278123
-1.57668
0.739743
0.187489
-0.196738
0.183996
-0.816127
1.19336
-1.13269
0.124412
0.461076
0.0399054
-0.0763034
0.834044
-0.0300973
0.112913
-0.0888059
-0.0761964
0.307737
-0.480488
-0.110447
-0.021148
0.537716
-0.935986
-0.154786
-0.129679
0.643298
0.119941
-0.935053
0.859949
-0.233804
-0.103112
-0.271884
0.485222
-0.841262
0.699061
-0.0838406
0.510717
-0.588838
0.735087
-0.869025
1.17689
-0.851695
0.211308
0.170799
-0.285257
-0.498604
0.866682
-0.498737
-0.152901
-0.180226
0.565419
0.0727945
-0.372866
-0.293383
-0.0328121
0.652715
-0.438851
-0.237992
0.5189
0.110197
0.455776
-0.104958
-0.17088
0.0904739
0.10135
0.000859133
-0.265658
-0.287046
-0.394894
0.609497
-0.0467434
0.669835
-1.07138
0.197865
0.27021
-0.593611
0.0786549
-0.0781279
0.0837187
0.267332
0.168816
-0.353422
0.0214059
0.141729
-0.836453
1.43048
-0.704245
0.968815
0.0355761
-0.0562229
-1.20663
1.03366
-0.908138
0.980499
-0.584485
0.68978
-0.964231
-0.405534
0.269419
0.647403
-0.54784
0.54235
-0.702231
-0.130374
0.549679
0.136564
-0.153576
-0.1147
0.632504
0.172502
-0.658541
0.78348
-0.354756
0.307393
-0.410263
0.426592
-0.509187
0.533131
-0.60162
0.559748
-0.540863
0.651149
-1.25367
1.16802
-0.338255
-0.438486
-0.639206
0.0856755
-0.0424112
0.0126481
0.213424
0.928155
0.246372
0.0165291
-0.461881
0.348803
-0.638041
0.443587
-0.155639
0.327601
-0.468357
0.534847
0.0901766
0.0059358
-1.15584
0.218062
0.35247
0.0228489
-0.524621
-0.123469
0.207767
-1.12459
1.12006
-0.645061
0.395993
0.613469
0.295624
-0.178769
-0.0770004
0.462945
-0.968747
0.98342
-0.432633
0.202799
-0.0197636
0.326101
-0.209207
0.0307493
-0.360495
-0.262867
0.614022
-0.930505
0.727541
-0.962133
0.41993
-0.437725
0.26032
-0.424188
0.965778
0.0928456
0.240074
0.0538754
0
0.211439
-0.157939
-0.279311
-0.628389
0.71261
-0.128515
0.314433
-0.415472
0.371143
-0.883179
0.734051
-0.896606
-0.184784
0.345962
-0.0207237
0.475958
-0.231754
-0.0369575
-0.608407
0.618615
-0.305808
0.740838
0.270718
-0.291159
0.123278
-0.281103
-0.339812
0.11675
0.625801
0.138303
-0.344065
-0.0996329
0.315379
-0.0871502
-0.377448
-0.546153
-0.45427
0.0813174
0.807062
0.266726
-0.414762
0.263559
-0.105898
-0.058258
-0.286838
0.511266
0.13914
0.356659
-0.441738
0.20291
-0.0759463
-0.0878875
-0.0400847
-0.487575
0.678789
-0.673345
0.635165
-0.300313
0.258009
-0.142772
0.0810573
-0.833669
0.212843
-0.292231
0.72693
-0.12878
0.282843
-0.377452
-0.30344
0.348539
0.45642
-0.130824
-0.348846
-0.475965
0.443697
0.588755
0.253778
-0.446198
0.383751
-0.446326
0.494099
-0.709518
0.548598
-0.536894
-0.0328662
-0.131594
-0.752616
1.17543
-0.425181
-0.198368
0.135209
0.338184
0.207848
0.469403
-0.0339465
-0.891508
0.469434
-0.108251
0.427577
-0.381391
0.328096
-0.918625
0.830233
0.289106
-0.0142405
-1.10537
0.218564
0.344747
0.529974
-0.823653
0.712997
-0.378779
-0.147388
-0.175436
-0.0798368
0.492455
0.11776
0.0439812
0.194189
-0.338626
0.289188
-0.0980081
-0.0853519
-0.330212
0.629443
-0.368233
-0.50491
0.434137
0.401218
-0.684587
0.2197
-0.409736
0.0609504
-0.0852858
0.588973
-0.501661
-0.252187
0.340241
-0.00647983
-0.0543396
0.511411
0.0631614
-0.400772
0.335859
-1.05261
1.19751
0.0700074
-0.166917
0.223478
-0.273219
0.2967
-0.445555
-0.0246176
-0.628801
-0.0651199
0.182397
0.108016
0.318913
0.0910644
-0.538531
-0.271593
0.443759
0.140507
-0.0631564
-0.651925
1.21833
0.311249
-0.554127
0.444982
-0.285567
0.0789961
-0.836929
0.751499
0.0073611
0.22154
-0.182737
0.0370512
-0.614317
0.157172
0.0872788
-0.729467
0.0317251
0.200203
0.413357
-0.116803
0.505328
-0.923396
0.254729
0.106127
0.772207
-0.0268721
-0.302475
0.326278
0.0333626
-0.214522
-0.654442
0.534571
0.0822505
-1.13252
-0.226024
1.21573
-0.111429
-0.842518
0.521869
-0.012842
-0.105281
0.453956
-0.364384
0.0826956
-0.304913
-0.545525
0.629649
-0.531538
1.60275
-0.572449
0.190596
-0.0805448
-0.779284
0.967105
-0.214229
-0.0961407
0.51073
-0.16882
-0.202708
-0.455861
0.0957355
0.478977
-0.666943
0.284721
-0.369407
0.197969
0.182374
0.196747
-0.811667
0.484089
0.187808
-0.307076
0.210437
0.597392
-0.869116
0.883642
-0.549937
0.454803
-0.354024
0.330918
-0.877902
0.15316
-0.313468
0.899703
-1.1722
0.232561
0.28743
0.119148
-0.594017
0.66919
-0.587867
0.951967
-0.299379
-0.615013
0.252552
0.0272541
0.384544
0.380508
-0.312881
0.589681
-0.463442
-0.0619548
-0.104771
0.495245
-0.0240003
0.145661
-0.421456
0.414973
-1.2295
0.218072
0.256402
-0.674067
1.07158
-0.849414
0.170977
0.252468
0.193241
0.241285
-0.337285
0.0141411
0.560636
0.0849435
-0.470514
0.302055
-0.46215
0.442087
-0.364744
-0.528054
0.694724
-0.0650789
-0.121044
0.629199
-0.830324
-0.611259
0.359254
-0.424862
0.281226
0.049989
0.304839
0.0347428
-0.304283
0.0932173
0.27277
-0.675839
0.788597
0.668882
-0.509181
-0.428806
-0.652853
0.991856
-0.596625
0.884198
-0.49526
0.644821
0.160103
-0.217643
-1.87235
0.427612
0.737809
-0.00165683
-0.374716
0.451876
-0.441102
-0.202429
0.112532
0.121607
0.165684
0.381764
0.553327
-0.0143187
0.0712721
-0.501765
-0.0520712
-0.14844
0.157814
0.48509
0.00120807
0.082338
-0.141085
-0.674854
-0.127278
-0.0079265
-0.465345
-0.0160104
0.802137
-0.16028
0.0666706
-0.19632
0.299977
-0.0536767
0.10575
-0.650084
1.10449
-0.170809
0.271675
-0.2866
-0.295493
-0.707942
-0.0749515
1.06895
0.418143
-0.669409
-0.418918
0.989542
-0.0866053
-1.01162
0.753766
-0.412988
0.285853
0.184257
0.139076
-0.318248
0.034038
-0.702277
0.194713
-0.153266
0.729624
-0.288202
-0.154301
0.602997
0.23907
-0.715878
0.393427
-0.360953
-0.643591
0.471338
0.244742
0.0348285
-0.380139
0.320908
-0.218066
-0.176623
0.533274
-0.592895
-0.113577
-0.185929
-0.381829
0.836502
-0.0104654
0.213678
0.0692684
0.657127
-0.599236
0.592849
-0.321161
0.321161
-0.686101
0.732916
-1.21951
0.503916
0.143688
0.138066
-0.10002
-0.207464
-0.442003
0.472172
-0.456018
-0.0348453
0.129807
0.188296
-0.38096
-0.0996832
0.419034
0.069288
0.196764
0.442018
0.148382
-0.117688
-0.371255
0.164129
-0.661899
1.07578
-1.21919
1.14326
-0.0409882
0.0962362
-1.15458
0.355883
0.225791
0.0852541
0.0597952
-0.82554
0.257117
0.193322
-0.0306869
-0.278481
0.489921
-0.0215526
-0.233541
0.75872
-0.873778
0.800834
-0.43627
0.443918
-0.0183456
-0.0664937
0.0622874
-0.253525
-0.399571
0.857845
-1.3868
0.804902
-0.339257
0.37589
0.0358384
-0.590625
0.63829
-0.345047
-0.463119
0.013167
0.715335
-0.317813
0.272972
0.252154
0.285014
-0.219747
-0.667909
0.846263
-1.0019
-0.0366349
0.595384
-0.504383
-0.084348
1.03736
-0.0188853
-0.89375
-0.265473
0.593993
0.471766
-0.667407
0.260617
-0.220093
-0.0575834
-1.13238
0.57704
0.615692
0.0770114
0.46845
-1.50181
0.577908
0.522244
0.529862
-0.219936
-0.256788
0.315191
0.174859
-0.243916
0.30314
-0.637905
-0.469591
0.251262
0.249965
-0.222407
-0.375531
0.608183
-0.411523
0.365444
0.307181
-0.0855466
-0.0542947
-0.040145
0.0530957
0.137451
-0.0667558
-0.508787
0.00770267
-0.127776
0.970711
-0.411571
0.310901
-0.243466
-0.155073
0.36125
-0.762922
-0.429003
0.23373
0.969331
-0.753825
0.132235
-0.288031
-0.241978
0.109012
0.631318
-0.284871
0.885112
-0.581614
0.537458
-0.164119
0.17073
-0.236519
-0.157675
0.351109
-0.184849
0.0395836
-0.216462
0.585592
-0.444263
-0.183294
-0.447736
0.682636
-0.604303
0.781623
-1.53584
1.15573
-0.359918
0.30103
0.209345
-0.0499425
0.298453
0.0725506
-0.612191
0.622953
-1.37943
1.44483
-1.00647
0.990478
-0.700363
0.663593
-1.04052
0.418874
-0.897889
0.855245
-0.577053
0.639681
-0.807169
0.670949
0.205176
-0.594474
0.18284
0.0307577
0.0431365
0.305153
-0.380683
0.94278
-0.565138
0.412469
-0.355157
0.403659
-0.760483
0.944787
-0.426447
0.344722
-0.630064
0.406949
-0.454412
0.427749
-0.424741
0.238368
-0.172594
0.483014
-0.444267
-0.259189
0.0194547
-0.0625735
0.257747
-0.108459
0.232885
0.336819
-0.198516
0.109245
-0.0480182
0.126294
-0.710117
0.763174
-0.458745
0.489234
-0.235069
0.132407
0.0506334
-0.877235
-0.143398
-0.0871603
0.275731
-0.319288
0.590274
-0.913626
0.881487
0.758924
-1.87117
1.48572
-1.29661
1.61855
-1.08274
1.0392
-0.111366
-0.00411658
-0.428395
0.581544
-0.377653
0.344014
-0.122572
0.175583
-0.883412
-0.178939
-0.163412
0.728784
-0.116363
0.230597
-0.111802
-0.28157
0.122733
0.0652576
-0.0792468
0.0190967
0.567825
0.132174
-0.228323
0.126294
-0.307095
0.222295
-0.763774
0.883902
-0.230882
0.277458
-0.692697
0.436515
-1.02067
-0.30064
0.779323
-0.164192
0.099824
-0.586782
1.25556
-0.572209
-0.150242
-0.918563
0.754769
-0.338301
1.52768
-0.284923
-0.179361
0.153869
-1.00838
1.03278
-0.276912
-0.810823
0.612802
0.568311
-0.229891
-0.190974
-0.203285
-0.694706
-0.0356951
-0.634377
1.44274
-0.359935
0.578844
-1.01181
0.529624
-0.676185
0.241031
0.482079
0.0528798
0.46643
0.0438726
-0.0635136
-0.604821
0.435679
-0.142107
0.562113
-0.574557
-0.0202034
0.271915
-0.0649756
-0.256229
0.316227
-0.702298
0.0997742
-0.381086
1.1478
-0.348455
-0.457951
-0.523696
1.1823
-0.660995
0.0610275
0.709754
0.0917704
-0.635484
0.776734
-0.77054
0.495751
-0.925958
0.837852
-0.734637
0.915354
-0.0985808
0.11759
-0.504421
0.411218
-0.768106
1.01469
-1.18485
0.775988
-0.631267
1.04992
-1.46039
1.00652
-0.724097
0.620964
0.451971
-0.322166
-0.143703
0.598654
-0.885
0.0583852
0.123742
-0.174594
0.557263
0.115896
-0.463404
0.520723
-0.591726
0.294475
-0.510002
0.607455
-0.545616
0.473275
-0.674754
0.0160869
0.129798
0.0947905
-0.0939397
0.0806142
0.312246
0.488635
0.0732583
-0.273308
0.0876048
-0.142828
-0.808962
0.902643
-1.27833
1.31954
-0.0689075
0.202446
-0.276285
-0.101693
-0.953682
0.48012
0.00245208
-0.2273
0.785498
-0.578161
0.0320458
0.450164
-0.879571
-0.64128
1.216
0.741179
-0.725968
0.559977
-0.486222
-0.140179
0.26534
0.623962
-1.04054
0.90497
-0.221575
0.134923
-1.40094
0.580748
-0.416421
0.898494
-0.224007
-0.0499205
-0.533201
0.752953
-0.385297
-0.126061
0.110247
0.242812
0.531921
-0.00640249
-0.563307
0.149967
0.569758
-0.00151586
-0.319545
-0.183994
-0.0324558
0.0553572
-0.228502
0.704624
-0.499023
-0.356015
-0.328182
-0.521551
0.417897
0.344952
0.175151
-0.128384
0.331838
0.30144
-0.421852
-0.126642
0.873096
-0.155421
-0.469391
0.379063
0.0599616
-0.466078
-0.404524
0.0563885
0.640006
-0.0355167
-0.181624
0.429034
-1.27256
-0.466685
1.16317
-0.654227
0.149077
0.230021
0.439463
0.0342063
-0.53257
-0.214862
0.344365
-0.2132
0.483913
0.481325
-0.136308
-0.289084
0.178259
-0.0997698
0.411361
-0.831328
0.860338
-1.32419
0.83301
-0.770633
0.424122
0.968379
-1.42792
-0.181557
-0.184842
0.865012
-0.150519
0.131411
0.231297
-0.578867
0.567899
0.254191
-0.242853
0.500726
-0.39084
0.524472
-0.25296
-0.212292
0.169038
-0.318436
0.149398
0.337528
-0.146977
-0.149868
-0.650333
-0.0379341
0.1681
0.183406
-0.718655
1.10432
-0.41611
-0.0387117
-0.615931
-0.0392949
0.535747
0.338819
0.0805124
0.412533
-0.517
0.559123
0.0150007
0.0301615
-0.183952
0.157973
-0.674772
0.288763
0.488205
-0.158609
-1.03326
0.704244
-0.826926
0.451597
-0.43674
0.0712353
0.0766745
0.421699
-0.225726
0.45962
-0.770161
0.550012
0.404806
-0.475677
-0.617619
1.15055
0.136948
-0.00671256
-0.0208085
-0.0603664
-0.387879
-0.0742525
0.219567
0.394477
-1.02528
0.457032
-0.208599
0.239774
-0.173351
-0.0114533
-0.456616
0.526497
-0.0293805
0.0793118
-0.0321007
0.568785
0.00679659
-0.109601
0.338819
-0.113765
-0.773058
0.585792
0.0202034
0.0799118
-0.65822
0.581973
0.0689964
0.14155
-0.889944
0.636224
-0.336731
-0.0551694
-0.791169
0.237427
0.554644
-0.102472
-0.131046
-0.42339
0.427364
0.210554
-0.216107
0.804973
-0.835409
-0.155783
0.352953
0.543683
-0.0661754
-0.0192548
-0.260412
0.417536
-0.323505
-0.173819
-0.14822
-0.203174
0.164966
-0.0420512
-0.171077
0.277284
-0.493978
-0.115373
-0.124257
0.302372
0.351546
-0.826587
1.20464
0.378998
0.00733005
0.0188853
-0.213665
-0.251056
0.071829
-0.43791
0.362783
0.170867
-0.0699964
0.289579
-1.54742
0.563037
0.487281
-0.468994
0.283581
-0.592653
0.555395
-0.262429
0.429685
-0.948219
0.206871
0.464504
-0.46154
0.477866
-0.367764
0.398633
0.136739
0.499994
-0.123782
0.0746879
-0.203733
-0.241283
0.0216338
0.355699
-0.429595
-0.313488
-0.141639
0.931265
-1.68621
1.38715
-0.828719
-0.016309
0.490003
0.808146
-0.634445
0.393413
-0.19085
0.227762
0.174344
-0.0191914
-0.0818845
-1.57631
1.32172
-0.261192
-0.125649
0.602771
-0.569072
-0.633742
-0.498501
1.86112
-0.678493
-0.719886
0.906884
0.404843
-0.703436
0.141005
-0.669994
0.955625
-0.157917
0.653212
-0.720689
0.147897
-0.284334
0.349547
0.137223
-0.226569
0.465082
-0.00544577
-0.0412697
0.0959883
-0.869605
0.613821
-0.484718
0.594593
-0.618471
0.295521
-0.00052106
0.226561
0.0215843
-0.362809
-0.233683
-0.52969
0.069552
0.566191
-0.232565
0.810564
-0.171935
-0.0214784
-0.663762
0.553335
-0.266944
0.503034
-0.992701
1.11062
-0.213669
0.151268
-0.515914
0.134061
-0.0324447
0.146297
-0.35754
-0.129525
0.231201
-0.192729
0.0273833
-1.00983
0.884775
-0.245482
0.624417
0.292659
-0.723829
0.931437
-0.870538
0.41652
-0.0942153
0.362485
-0.35668
0.559308
-0.280006
0.234779
-0.756962
-0.104526
-0.653067
0.935463
-0.210248
0.215309
-0.494685
0.925667
-0.40272
-0.589661
0.0836414
0.185079
1.00785
-0.253065
-0.241851
0.475539
-0.150617
0.150617
-0.324843
-0.0846286
-0.561635
0.553107
0.198368
-0.807606
0.139417
-0.134494
0.0837961
0.132834
-0.309107
-0.200146
0.612822
-1.13435
1.09711
-0.143737
-0.0952117
-0.151853
0.619126
0.0260855
0.35257
-0.0737135
-0.300538
0.116014
-0.296834
0.63402
-0.747289
0.23444
0.111293
0.52696
-1.17147
-0.380828
0.877078
-0.00857704
-0.157826
-0.611879
-0.185522
0.653812
0.373475
-0.5832
0.208954
0.217571
0.690164
-0.785355
0.160183
0.14392
0.289367
-0.0606108
-0.294895
0.453919
-0.107328
0.0913092
-0.354462
0.569112
-1.19738
0.426557
0.434569
0.307478
-0.523991
0.488373
-0.165709
-0.097843
0.16053
-0.489093
-0.221586
0.324774
-0.396273
0.374107
-0.59502
0.961944
-0.373722
0.511106
-0.58664
0.566896
0.0566154
-0.655041
0.59682
-0.0694578
-0.142011
-1.02376
0.39892
0.239896
-0.327598
0.124748
-0.45672
0.412951
0.0229064
0.178279
0.013364
0.0915709
-0.636285
0.579633
0.175887
0.350959
-0.373052
0.303365
-0.598829
0.513064
-0.282379
0.415074
-0.539385
0.348339
-0.984784
0.355655
-0.048668
0.387397
-0.168128
-1.23849
0.407176
1.46175
-0.910514
0.117841
0.318474
-0.437081
1.18804
-0.901316
-0.22709
0.674722
-0.911315
1.08204
-0.395225
0.181824
-0.439948
0.178283
-0.655769
1.15356
-0.420424
0.170222
-0.410012
0.174111
-0.565079
0.195834
-0.0360819
-0.112443
0.531967
-0.192541
0.446765
-0.251592
0.165657
0.337298
0.0747212
-0.520376
-0.34379
0.643316
0.0386992
-0.458114
0.176091
0.386659
-0.312703
0.521301
-0.313233
-0.471247
0.00783209
-0.021655
0.437457
-0.520026
-0.0912485
0.0579234
-0.0273599
-0.268013
0.579201
-0.335224
0.257274
-0.491276
0.600925
0.371011
-0.430771
0.0824545
-1.11192
1.19313
0.414829
-0.14773
-1.45076
1.08202
-0.324871
0.622495
0.0184834
-0.0940684
-0.140801
-0.924459
0.240876
0.709054
-0.276678
0.0197082
-0.199509
0.3756
-0.405138
-0.174422
-0.0191597
0.549049
-0.646385
0.992275
-0.860214
0.477121
0.0616149
0.245901
-0.0118992
-0.265901
-0.319712
-0.498995
0.594637
-0.440138
0.0812542
0.371407
-0.613237
-0.301189
1.01436
-0.119678
0.0487077
-0.0669965
0.486169
-0.450087
0.581473
0.0904623
-0.28788
0.208699
-0.644087
-0.418704
0.0652103
0.510417
-0.0576299
0.713331
-0.50139
0.21078
-0.794766
0.680749
-0.3498
0.60272
-0.576576
0.694098
-0.492421
0.0859146
-0.54368
0.253646
-0.361213
0.804215
-0.407485
-0.180101
-0.706046
1.01386
-0.371294
0.61943
-0.0687377
-0.121478
-0.0307346
0.414434
-1.51651
0.691696
-0.434714
0.338265
0.55349
-0.119955
-0.383201
0.54275
-0.310468
-0.179405
-0.728885
0.655205
0.216667
0.407518
-0.480638
0.255473
0.308299
0.0704733
-0.331711
0.51377
-0.18098
-0.212678
-0.29503
0.550833
-0.376417
0.36233
-0.674988
0.365947
-0.325018
-0.298879
-0.387463
1.01249
-1.20255
0.552893
-0.103834
0.411279
0.254962
0.458464
-0.705864
-0.31818
0.189378
0.792666
-0.571598
0.200169
0.358286
-0.122283
-1.05506
1.30189
-1.13386
-0.19686
-0.206575
0.712604
0.415913
-0.818709
-0.432089
0.726942
0.297384
0.0166558
-0.0224273
0.0228048
0.36086
-0.111067
-0.40868
0.950072
-1.06212
0.568202
-0.111054
-0.156522
0.183432
0.511113
-0.740181
0.323824
-0.0444511
0.0308547
-0.474885
0.827998
-0.424919
-0.582561
0.274033
-0.147277
0.639849
-0.539505
0.2607
0.113437
-0.329059
0.304747
0.179213
0.0342141
-0.0110462
0.121646
-0.433448
0.628994
-1.09501
1.05757
-0.218056
0.257564
-1.09442
-0.183679
0.0715311
0.106362
0.790982
-0.310068
-0.827644
0.999778
0.189594
-0.171496
-0.180687
-0.480998
0.909174
-0.464692
0.0730604
0.321391
0.154076
-1.13259
1.0474
-0.294879
0.00554132
0.315922
0.0161685
-0.329994
-0.00209638
-0.524201
0.520039
-0.211225
0.0809679
-0.823909
0.246176
0.33258
0.0172079
0.495039
-0.577487
0.370655
0.468971
-0.591995
0.0536499
-0.886757
0.923863
-0.406797
0.378802
-0.777725
0.924877
-0.446131
-0.328295
0.130648
0.204642
-0.0744549
0.0122722
0.285252
-0.634229
0.934823
-0.794132
0.566566
-0.930723
0.817694
0.15077
-0.3254
0.346758
0.2702
-0.366873
-0.159847
-0.0186063
0.356205
-0.648192
0.751568
-0.541215
0.445755
-0.415029
0.0211753
-0.857202
0.873029
-0.0417243
0.638945
-1.27602
0.300521
0.53606
0.533056
-0.596049
-0.264341
0.250198
-0.46386
-0.316907
0.868081
-0.458832
0.851212
0.199941
-0.170214
-0.299251
0.12593
-0.329456
-0.104576
0.565637
0.113621
-0.746289
-0.13331
0.0341023
0.666159
-0.790899
0.187225
-0.566588
0.81176
-0.276254
-0.078037
-0.155564
0.632506
0.484703
-0.772654
-0.297698
0.933691
-0.393853
0.357163
-0.265534
0.355626
-1.21514
1.20182
-0.145753
0.267641
-1.11952
0.596294
-0.0257772
-0.259073
-0.0342837
-0.458757
0.259093
-0.117303
-0.241384
1.00766
-0.30103
-1.32485
1.3006
0.499275
-0.0880076
-0.059915
-0.131603
0.0434367
0.159363
0.138632
-0.775725
0.801903
0.0264896
0.0296706
-0.833025
0.404868
-0.293601
-0.187322
0.311429
-0.0992671
-0.0265018
-0.383264
-0.218588
0.273503
0.806855
0.139031
-0.960813
1.21517
-0.359665
0.0711633
0.0107239
0.0655015
-0.273674
0.355388
-0.675167
0.667614
-1.06767
1.1304
-1.14884
-0.920662
1.42542
0.479089
-0.607353
-0.798886
1.0689
-0.30103
-0.704593
0.850721
-1.24868
1.37566
-0.317307
0.543945
-0.146742
0.398247
-0.0353519
-0.079888
-0.631081
0.656528
-0.842236
-0.137715
0.704627
0.186476
-0.847417
-0.0448605
0.507345
-0.44358
0.935193
-0.965931
0.570599
-0.647242
0.25499
-0.253927
0.639945
-0.579974
0.863812
-0.207331
0.265606
-0.504583
0.00932457
-0.166315
0.00622389
0.12194
0.590268
-0.144834
-0.622411
0.690439
-1.18693
0.807803
-0.645402
1.09747
-1.02863
0.493996
-0.305681
0.293873
-1.00589
0.654886
0.0456314
0.317185
-0.0892873
0.42012
-0.248724
0.260913
-1.01665
0.890891
-0.232693
0.221127
-0.19008
0.00467824
0.00275241
0.00715887
-0.120708
0.49542
-1.62871
1.81441
-1.16387
0.794857
-0.738717
0.687634
-0.820265
0.815308
-0.0715384
-0.553844
-0.403689
1.46296
-0.473137
0.520218
-0.210088
0.237454
-0.642086
0.303047
-0.29941
0.240509
-0.178673
0.322126
-0.92965
0.681866
-0.105924
-0.0489227
-0.42558
0.686882
-0.525214
0.15572
0.196251
-0.00614692
-0.907528
0.732847
-0.260406
0.545104
0.0816075
0.134036
-0.396147
0.649239
-0.547613
0.515047
-0.0302934
-0.26991
-0.86088
1.20997
-0.370084
-1.10121
0.940901
0.148642
-0.593145
0.16127
0.464532
-0.0565418
-0.561755
0.482332
-0.639142
0.638538
-0.238789
0.743336
-0.00384334
-0.163802
-0.0267147
0.284092
-0.357685
-0.0193504
0.0172725
0.178169
-0.414492
0.072496
-0.143378
0.384112
-0.794939
0.423792
-0.506136
0.575635
-0.583765
0.407879
0.0685982
0.474236
-1.43771
0.807126
0.247267
0.396455
-0.279767
0.0763884
-0.470576
0.70466
-1.19437
0.861892
-0.230057
-0.404425
0.441699
0.611173
-0.668868
-0.601852
-0.303828
0.462398
0.917091
-0.731844
0.178853
-0.869671
1.19418
-0.368916
0.212263
-0.517029
0.663565
-0.273001
0.0030584
-0.612765
0.57214
0.529805
-0.04386
-0.220134
0.240949
-0.210249
0.192655
-0.569627
0.0527157
-0.0179778
0.121493
-0.739303
0.765892
-0.417822
0.321443
0.151474
-0.128564
-0.220427
0.0512368
-0.30967
0.295487
0.922618
-0.225114
-0.398915
0.374024
-0.0797569
-0.0762956
-0.175555
0.237703
-0.39196
0.557056
-0.205813
-0.967646
0.953515
-0.866749
0.47391
-0.573059
0.204563
0.646324
-0.588676
0.308867
0.550542
-0.0760484
0.258032
-0.0853666
-0.504052
-0.396839
0.100646
-0.855882
1.31132
-0.138122
0.178261
0.0819451
-0.184188
0.0484395
-0.247227
-1.0512
0.272808
0.168608
0.569646
-0.179165
0.22112
0.0858577
0.0477831
-0.262475
0.238864
-0.633599
0.437646
-0.157166
0.950515
-0.980062
0.775246
-0.140299
0.241573
0.0800595
-0.0138432
-0.978351
0.399015
-0.458169
0.727207
-0.480994
0.601235
-0.307577
0.00108441
-0.0319132
-0.704683
0.0062172
0.631735
-0.733546
1.05043
-0.930894
0.725878
0.430469
-0.375028
0.166035
0.175626
-0.0754413
-0.069288
-0.450292
0.246422
0.280258
0.0868851
0.110604
0.0192197
-0.63058
0.234609
-0.394133
-0.0268721
0.424972
-0.217363
-0.398809
-0.308202
0.837949
-0.269197
0.710001
-0.105121
0.0805982
-0.0513417
-0.359683
0.0189147
0.116506
-0.0621479
0.077775
0.0688228
0.0202034
-0.10825
-0.248251
0.561081
-0.256498
-0.303064
-0.075274
-0.0159162
-0.042662
0.0983102
0.183398
-0.191274
-0.0748752
-0.125035
0.272169
0.516243
-0.0643966
-0.0947562
-0.245148
-0.0716322
0.039197
0.270243
-0.354065
-0.365978
0.392542
-1.17916
0.728512
0.123056
0.445551
-0.63538
-0.391055
0.572379
-0.657288
0.134725
0.328764
0.677284
-0.451543
-0.184415
0.380063
-0.838508
1.3192
0.00269747
-0.457755
0.206864
-0.507658
0.0105057
0.535217
-0.570703
0.533399
-0.130981
0.467662
-0.0614869
-0.417831
-0.22163
-0.089148
-0.0332353
0.196011
-0.176999
0.553101
-0.256198
0.281948
-0.948417
-0.0548131
0.131853
0.601928
0.232727
0.210853
0.134832
-0.661363
0.374574
-0.134147
0.4499
-0.400074
-0.189507
0.0563438
0.206256
-0.63945
0.884761
-0.364417
-1.36233
0.671709
0.277179
-0.369158
0.283326
0.014556
0.144175
-0.626947
0.844273
-0.0637215
0.397691
-0.158743
-0.094312
0.0667152
-0.122094
0.344753
0.0832592
-0.965388
0.425318
0.256598
0.324701
-0.978766
0.226606
-0.0723789
0.569066
-0.816745
0.385307
-0.0821356
0.0987541
-0.423362
0.27784
-0.163518
0.0489611
0.361051
0.391431
-0.121335
-0.0339261
-0.304779
-0.159605
0.416124
-0.116814
-0.27479
-0.306166
0.90853
-0.463111
0.0110276
0.610299
-0.542062
0.407597
-1.24706
1.2344
-0.61406
0.494774
-0.43847
-0.440994
0.402343
0.157075
0.0443982
0.242787
-0.209906
0.403945
-0.970429
0.759153
-0.627294
0.151301
0.0368142
0.543761
-1.56052
0.311445
0.314504
0.98586
-1.15043
0.854263
-0.268986
0.181225
-0.264557
0.40286
-0.0985561
0.491033
-0.787936
-0.0802856
0.350119
0.313559
-0.134628
0.0688934
-0.660535
0.595544
0.0941749
0.0148576
-0.286168
0.297396
-0.425969
-0.403029
-0.189327
1.1659
-0.169751
-0.55103
-0.131315
0.784942
-0.538882
-0.341866
0.270064
-0.359708
0.375231
-0.369059
0.715355
-0.133621
-0.0394188
0.228334
0.213952
0.131509
-1.27558
0.31724
0.236673
0.340283
0.00590884
-0.273001
0.352778
-0.255372
0.466337
-0.85332
0.337765
0.454668
-0.0708966
-0.623505
0.451363
-0.234083
-0.00585202
0.52817
-0.332764
0.331365
0.0646256
-0.105891
-0.633291
0.293416
0.111974
-1.05939
1.08017
-0.286198
-0.065371
0.584865
-0.214778
-0.0185177
-0.816356
0.630651
-0.825729
0.134957
0.750751
-0.367386
-0.400213
-0.17877
1.00369
-0.00998421
0.0250559
-0.649244
0.412324
-0.227946
-0.0279988
0.767526
0.159993
-0.565992
0.342629
-0.248031
0.440295
-0.672023
-0.921344
0.338487
-0.589865
1.87019
-0.840798
0.346547
0.0356128
0.40088
-0.779787
-0.119393
0.506848
-0.214212
-0.0924264
0.167491
-0.455377
0.149554
0.387228
-0.760854
0.622182
0.249315
0.21861
0.188042
-1.30541
0.947104
-0.301868
-0.628438
0.616878
0.649359
-0.822453
0.703921
-0.699247
0.193578
0.345542
-0.0232797
-0.878373
1.15387
-1.65325
1.17613
0.0571785
0.135468
-0.229246
0.457657
-0.193279
-0.0413052
-0.424104
0.639579
-0.302466
0.0958363
-0.690123
-0.74706
0.641517
1.05906
-0.85505
0.513373
-0.753986
0.290765
-0.720025
0.470179
0.15063
0.822209
-0.488727
0.61186
-1.738
1.47755
-0.0867003
0.320925
-0.266621
0.0284574
0.216651
-0.0874436
-0.394494
0.372614
-0.0694499
-0.21625
-0.0974298
0.0789735
-0.141744
0.409789
-0.553535
0.442981
-0.250772
0.248094
-0.912226
0.37276
0.407685
-0.591923
0.0899051
0.33055
-0.54703
0.667126
0.129634
0.0438386
-0.391451
0.413774
-0.229478
-0.256711
0.304031
-0.364521
-0.245448
0.507909
-0.870722
1.02931
0.0682065
-1.65094
1.66897
-0.471506
0.608035
-1.23287
0.913881
0.152552
-0.428111
0.543777
-0.542901
0.363425
-0.142452
-0.693298
0.866484
-0.072495
0.0297883
-0.379445
0.562814
-0.523878
-0.273998
0.244755
0.108185
0.0881091
0.2842
-0.9732
1.11629
-1.50896
1.33169
-0.203631
0.569526
-0.312684
-0.632789
0.688387
-0.425214
0.269709
0.113381
-0.0775053
0.41269
-0.351304
-0.293939
0.0775757
0.420132
0.0885579
-0.101027
-0.28219
0.200286
-1.08191
0.38271
0.00249403
0.180318
-0.223362
0.977724
-1.15757
0.855567
-0.0750957
-0.360047
0.549477
-0.970037
0.112246
0.286307
-0.0157213
0.100456
-0.0840529
0.122557
0.532022
-1.39099
1.30848
-1.06604
-0.104759
0.308748
0.516855
-0.66138
0.160929
-0.144958
0.0175282
0.127794
0.0888915
-0.333071
0.623084
0.136999
0.272182
-0.438215
0.49287
-0.870905
0.833328
-0.620809
0.349204
-0.0229903
0.402085
-0.613074
-0.184469
-0.969639
0.0797562
0.795636
0.448687
-0.391676
0.730787
-1.38419
1.17109
-0.593191
0.399314
0.110654
-0.298359
0.0511153
0.345042
-0.0456834
0.168159
-0.0330961
0.0186022
-0.288986
-0.254131
-0.55055
0.885527
-0.0895509
-0.59579
-0.0765216
0.701523
-0.264729
-0.269124
0.0606754
0.427522
-0.188812
0.373988
-0.910616
-0.0674423
0.627369
-0.23756
0.989734
-0.191249
-0.17264
-0.927148
0.0341858
1.19864
-0.269563
0.116377
-0.738469
0.651518
-0.292439
0.134948
-0.706628
-0.157027
0.24464
-0.0999256
0.381188
0.138016
-0.224437
0.172237
0.304181
0.0179338
-0.501103
0.639681
-0.266981
0.428702
-1.75387
1.34638
0.110864
0.0601074
-0.20242
-0.167853
0.352816
0.278021
-0.72302
-0.353837
0.424848
-0.18731
0.365819
-0.100634
-0.633066
1.15898
-0.465913
-0.260653
-0.0985165
0.733181
-0.196498
-0.0821377
0.0155979
0.060179
-0.0117665
-0.273911
0.259142
-0.340137
-0.309394
0.905463
-0.536351
0.607282
-0.412271
0.0981316
-0.76317
0.636705
-0.15617
-0.219574
0.352022
-0.822246
0.410765
0.509837
-0.358833
-0.192244
0.653297
0.280896
-0.825291
-0.203738
0.465819
-0.713467
0.744856
0.346122
0.0789912
0.0127232
-0.744821
0.699181
-0.0315804
-0.347131
0.305025
-0.737189
0.313456
-0.156144
0.472222
-0.400161
0.0227432
-0.0552838
0.313544
-0.0624652
-0.110618
0.0839659
-0.568248
1.14357
-1.07155
1.11052
-0.69826
0.598876
-0.327027
0.298382
-0.361326
0.507454
-0.866727
0.515984
-0.28679
-0.116556
-0.0451059
0.540852
-0.221849
-0.307406
0.0497608
-0.12333
-0.374255
0.953276
-0.509053
0.767814
-0.295744
0.287076
-1.08061
1.08406
-0.671103
0.637807
-0.906681
0.945198
-0.51296
0.541923
-0.318459
0.0829742
-1.35587
1.0336
-0.817198
0.842815
-0.490119
-0.868539
0.419961
1.05529
-0.379732
0.715164
-0.623694
0.676601
-0.378891
0.283037
-0.223257
0.313867
-0.585235
0.638783
-0.40302
0.406968
-0.621451
0.520986
-1.17641
0.767282
-0.67991
0.843307
0.0090293
0.0234304
-0.112979
0.118796
-0.0734506
0.0913827
0.0360353
-0.265945
0.166611
0.324511
-1.05664
1.03847
-0.945452
0.87345
-0.478125
0.464761
-0.652074
0.623771
-0.50197
0.151771
-1.21756
1.37597
-0.640197
0.690579
-1.0591
0.864611
0.256032
-0.343354
0.214162
-0.335987
0.341097
-0.526462
-0.366006
0.648086
-0.199213
0.728647
-0.243745
0.0850617
-0.115966
0.177409
-0.159498
-0.0248744
-0.327003
0.569179
-0.723592
-0.328765
0.0352079
0.625896
0.0265204
0.194716
0.0155678
-0.058256
0.166948
-1.3271
1.22373
-0.531038
0.215285
0.268181
-0.671465
0.193705
0.206488
0.198206
0.012327
-0.0569487
-0.91756
0.588228
-0.17905
-0.66688
0.590923
0.370906
-0.529184
0.248293
-0.0453356
-0.335695
-0.246669
0.559349
0.0171455
0.084797
-0.0680301
0.246787
0.410338
0.0190819
-0.467081
0.318175
-0.487205
0.461047
-0.0695851
-0.407993
0.475525
0.106228
-0.361576
0.177421
-0.00113988
-0.476552
0.15987
-0.0497471
-0.515222
-0.443674
1.62921
-0.405438
-0.0573157
-0.247527
-0.0975794
-0.0472708
0.268822
0.0846817
-0.0923373
0.0517001
0.386904
-0.675596
0.539777
-0.934526
0.517439
-0.0128198
-0.620346
-0.21801
0.481026
0.768315
-0.0192075
0.453104
-0.684404
0.412522
-0.640629
-0.232963
0.518252
0.274532
-0.731792
1.15731
-0.290081
0.263858
-0.388334
-0.217946
-0.070413
0.335971
-0.37194
0.517758
-0.712616
0.924825
-1.70497
1.31993
-0.669007
0.834321
-0.8976
0.394317
-0.691082
0.979599
-0.508424
-0.00599863
-0.441044
1.16811
-0.404249
0.41606
-0.344988
0.281319
-0.881036
-0.041359
0.484603
0.0618314
-0.792353
1.25777
-0.542746
0.234272
0.0074436
0.512606
-0.645414
0.158992
-0.51639
0.506684
-0.0757687
0.401481
-0.464233
0.443165
-0.690911
0.0272079
-0.0730147
0.609668
0.0212796
-0.131526
-0.421126
-0.0541232
0.224672
0.245009
-0.100766
0.12567
-0.267943
0.199638
-0.290259
-0.088751
0.106426
0.253007
-0.477918
0.573186
-0.741647
0.751441
-0.279555
0.280318
-0.0462915
-0.493723
0.154933
0.363493
-0.0328586
0.0621479
-0.532483
0.52174
-0.357789
0.0400314
0.132912
0.218724
-0.307133
0.470307
-1.28406
1.43523
-0.185563
-0.236374
0.253231
-0.296422
-0.306211
0.173524
-0.237271
0.183566
0.361615
-0.419748
-0.128878
0.577291
-0.294029
0.229603
-0.140041
0.0349067
-0.0474463
-0.30383
-0.35441
0.387153
-0.770561
1.1445
-0.328614
0.179445
-0.0307032
-0.195867
0.244614
-0.049218
0.178211
-0.486466
-0.12799
0.181809
0.548935
-0.445103
-0.118748
-0.00477666
0.209605
0.0764351
-0.184543
0.0902495
-0.0145288
-0.128869
-0.611733
0.645425
0.6567
-0.492377
0.237561
-0.556091
0.518175
-0.770402
1.02386
-0.528227
-0.00552777
-0.304495
0.482053
-0.146836
-0.354925
-0.0538059
0.826781
-0.100599
0.302666
-0.715057
0.0594835
0.185612
0.186489
-0.176376
-0.0101134
-0.495072
0.271008
-1.2854
1.63626
-0.210395
-0.360651
0.437639
-0.119296
0.0756218
-0.11341
-0.0597029
0.0277632
0.0158598
-0.50942
0.814507
-0.783064
0.930826
-0.440184
-0.644174
0.446336
0.844858
-0.222184
0.154041
-1.03707
-0.145846
1.03393
-0.362126
-0.0512016
0.310558
-1.11128
1.13436
-0.382603
0.470507
-0.504567
-0.0590448
0.123243
0.384064
-0.637452
-0.0521305
0.248185
0.592286
-0.616944
0.286639
-0.236536
0.307011
-0.0644091
-0.185557
0.318925
-0.331878
0.00741067
0.381156
-0.223549
-0.339948
-0.285504
0.714933
0.135015
-0.286568
0.121359
0.226192
-0.757098
0.53416
0.327277
0.0924238
-1.07139
0.941753
-0.028347
0.220657
-0.0973065
-0.0577938
-0.519815
0.593756
-0.651014
0.459834
-0.935728
0.880126
-0.396072
-0.180561
0.340845
0.291391
-0.571908
-0.168648
0.533795
-0.0123258
0.106775
-0.248956
-0.2268
-0.0918485
0.0430116
0.700684
0.101845
-0.238584
-0.440714
0.433609
-0.667557
-0.537443
1.13143
-0.38219
-0.0911971
0.235049
0.363277
-0.0795116
0.12549
-0.049926
-0.41941
-0.0902
-0.0230811
0.255907
0.18581
-0.454775
-0.160625
0.411778
0.043492
-0.179021
-0.0210155
-0.269861
0.407382
-0.158892
-0.0630517
0.212036
-0.98161
0.964684
-0.289436
0.732486
-0.334546
-0.665579
0.725384
0.108295
-0.439333
0.258182
-0.164192
-0.0474775
0.30621
-0.452339
-0.28834
0.394482
-0.155027
-0.148656
0.366941
0.196864
0.0697103
0.22118
-1.06904
1.1111
-0.419946
-0.772596
1.34361
-0.439648
0.446653
-0.103219
-0.477585
-0.362111
0.0990799
-0.218854
0.359852
-1.39937
1.67491
-0.482804
0.417937
-0.297606
0.186822
-0.144742
-0.0575577
-0.529164
0.828263
0.281127
-0.119649
-0.457247
0.362257
-0.748165
0.935301
-0.481377
-0.0474808
-0.288437
0.241687
0.0903381
0.129157
0.0716821
-0.582394
0.75746
-0.627576
0.417077
-0.689028
1.16662
-0.499256
0.558466
-1.12065
0.067296
0.428711
0.330167
-0.767565
0.87155
-0.506198
0.792784
-0.742571
0.558437
-0.726001
0.770727
-0.717981
-0.350142
0.478003
0.347292
-0.784695
-0.118711
0.0328565
0.738101
0.29243
-0.0966666
-0.787781
-0.431528
0.899695
0.453076
-1.14764
0.441056
-0.0345018
0.310997
-0.213907
0.231984
0.135492
-0.241836
-0.307998
0.769354
-0.792429
0.506162
0.105555
0.164751
-0.329199
0.343999
-0.55145
0.20588
-0.354095
0.467516
-0.489607
0.82744
-0.779381
0.571034
-0.0628787
0.377845
-0.52981
-0.381927
0.326521
0.176091
-0.0393805
-0.158717
-0.796868
0.682673
0.192165
-0.460817
0.495672
-0.0189368
-0.25042
0.330993
-0.393596
0.0516809
0.0174777
0.320275
-0.10117
0.0984168
0.155981
-0.141329
-0.148252
0.515047
-0.189639
-0.701736
0.586236
-0.0523323
0.0434275
-0.464658
0.283785
-0.299707
0.00560046
-0.177342
-0.0645441
0.583987
0.0305537
0.0481558
-0.166556
-0.556891
0.390056
0.326375
-0.233793
0.297389
-0.137643
0.107304
-0.278674
0.389324
-0.243592
0.134447
-0.769393
0.0446619
0.623022
0.200319
-0.685908
0.496462
-0.495486
0.337293
-0.00674648
0.428486
-0.15107
-0.440484
-0.0590326
0.354068
0.244742
-0.566259
0.45989
-0.375376
0.122972
0.270718
-0.00404749
-0.311774
-0.93184
0.879336
0.116318
0.161983
-0.555714
-0.0975714
-0.702218
0.548169
0.82625
-0.607549
0.613108
-0.50598
-0.257714
0.155384
0.575974
-0.186989
0.489971
-0.424499
0.509193
-1.15719
0.298938
0.361508
-0.556302
-0.0269227
0.659788
-0.608932
0.673077
-0.019123
-0.156968
0.0293652
0.267496
0.224315
-1.1399
0.419521
0.0307836
0.504834
-1.43155
0.722202
-0.137908
-0.230576
-0.906245
1.95384
-0.835849
0.844411
-0.428006
-0.366334
0.615694
0.173868
-0.163558
-0.118534
-1.44073
1.8616
-0.501703
0.118666
-0.154252
0.416952
-0.465396
-0.0192609
-0.576471
0.928086
-0.194433
-0.0996072
-0.192468
0.20184
0.30103
-1.09071
1.03595
-0.179198
-0.123499
-0.229763
0.245348
0.293846
-0.757776
0.295377
-0.412844
0.307958
0.285682
0.451294
-0.654437
-0.0411097
0.256852
0.523732
-0.289283
0.301657
-0.283092
0.211508
0.0628855
-0.0681754
-0.801522
0.863589
-1.01137
0.528628
-0.148346
0.52411
0.147648
-0.177864
-0.566597
0.388447
-0.0878965
0.129759
-1.2314
0.62181
0.137886
-0.470749
0.0899383
0.503212
0.46234
-0.303538
0.376394
-0.480414
-0.831195
0.869222
-0.158929
0.606302
-0.0616127
0.174354
0.136357
-0.575453
-0.0944429
-0.241786
0.276231
-0.242685
0.312249
-0.534992
-0.358254
0.897133
0.346246
-0.263143
-0.650644
-0.563442
-0.308668
1.48758
-0.301847
0.111286
-0.190377
-0.314202
0.537034
-0.271256
-0.297876
0.0817827
0.68958
-0.723022
-0.197579
0.318692
0.0660175
0.683107
0.203612
0.0293838
-0.382617
0.474132
-0.357903
0.0275064
-0.983227
1.1104
-1.32878
-0.101132
0.422255
-0.38515
0.597284
0.576142
-0.0362662
0.127639
-0.974862
0.761771
0.22066
-0.180032
-0.371723
0.216485
0.0338159
-0.739553
0.395976
0.482144
-0.0653616
-0.825386
-0.0333932
0.320626
0.836185
-0.0399414
-0.0585594
-0.401892
0.482823
0.161512
-0.184791
-0.562951
0.316429
-0.704993
0.38609
0.149197
-0.334962
0.402141
0.0567182
-0.065557
0.0623315
-0.290105
0.703704
-0.331469
-0.75107
1.12632
-0.650867
0.809545
-1.11656
-0.215833
0.243678
0.433192
0.143203
-0.307395
0.166715
0.32979
-0.288229
-0.20971
0.331566
-0.477735
-0.186063
0.598346
-1.16162
1.6803
-0.330528
-0.0921583
-0.378395
-0.933728
0.697399
0.978765
-0.909706
1.07452
-1.05769
-0.0529904
0.639535
-0.252083
-0.987912
0.607771
0.267268
-0.478203
0.0416844
1.00394
-1.07928
0.78857
0.0756329
0.402719
-1.07964
0.516212
-0.542912
-0.00731611
0.238474
0.144849
0.244674
-0.0257957
-0.540885
0.740363
-0.635016
0.684595
-1.29029
1.04754
-0.244027
0.387851
-0.604866
0.302631
-0.450241
0.815552
-0.317007
0.331185
-0.539376
0.311421
-0.412913
0.21394
0.203545
0.149357
-0.644483
0.410805
-0.277956
0.614458
-1.42222
1.5758
-1.22141
0.187391
0.732989
-0.133625
0.157675
0.331435
-0.449166
-0.131228
-0.135801
0.339311
0.0439055
0.274158
-0.266389
-0.0382456
-0.211681
0.67329
-1.04403
0.322783
-0.525398
0.76745
-0.236489
0.234426
-0.482124
0.0926357
0.289979
0.240997
-0.10126
-0.567815
-0.18142
0.336642
-0.477412
1.0714
-0.88396
0.427914
0.0908539
-0.384219
-0.0208597
0.95038
-0.855116
0.426775
-0.477766
-0.374554
0.378871
0.784268
-0.838064
0.174847
0.374233
0.374816
-0.435514
-0.509699
0.246243
-0.254199
0.302825
0.204912
-0.464244
0.300041
-0.0789177
-0.556961
0.353006
0.580361
-0.359267
-0.00102713
-0.195486
-0.284476
0.205731
0.609396
-1.06743
0.696822
0.238882
-0.14378
0.168508
0.365095
-0.767064
-0.0654053
0.441556
-0.0123555
0.171875
-0.211337
-0.297144
-0.0693105
0.626004
-0.0346268
-0.608706
-0.739144
0.981034
-0.710467
0.129401
0.5209
-0.220328
0.110374
0.811971
-0.361595
-0.335536
0.0897516
-0.183084
0.531132
-0.46604
-0.0424641
0.360815
-0.366777
0.20304
0.00082255
-0.965217
1.07519
-0.355294
-0.146061
-0.0315873
0.307924
0.357985
-0.618317
0.0747637
0.509623
-0.297015
0.285836
0.0158664
0.438492
-1.24478
0.429736
-0.0471416
0.182484
-1.43032
1.97458
-0.895068
0.877826
-0.150196
0.179787
-0.925636
0.48681
-0.686843
0.965647
-0.189056
-0.159365
-0.264339
-0.0687215
0.620491
-0.55737
0.710245
-0.401967
-0.30103
0.251189
0.0512577
-0.264015
0.266387
0.37276
-0.899569
0.410639
-0.254989
0.197453
0.366279
0.228822
-0.54335
0.0481991
-0.236452
0.629205
-0.217063
-0.510864
0.0061656
0.247625
0.285022
-0.244593
-0.418276
1.07021
-0.698314
0.199354
0.254753
-0.500455
-1.02214
-0.245331
1.47873
0.31221
-0.395372
0.373293
-0.687975
-0.995018
1.17053
0.198974
-0.124142
0.370948
-0.369236
-0.313541
0.423421
-0.947115
1.08354
-0.00481218
-0.780141
0.550114
0.193886
-0.172961
-0.0963922
0.000889049
-0.269347
0.727318
-0.384448
0.124939
-0.13809
0.168656
0.0749793
-0.0585889
-0.0534663
-0.46889
0.334253
0.198136
-0.424363
0.275648
-0.0901055
0.418937
-0.355316
0.268387
-0.425389
-0.188266
-0.0554464
0.380155
-0.103932
-0.237065
0.548123
-0.222506
0.185724
0.227937
-0.309463
0.120507
-0.126726
-0.241565
0.29169
-0.145468
0.239499
-0.66757
0.371444
0.457551
-0.411375
-0.0139698
0.457273
-0.428869
-0.391488
0.634526
-0.123184
-0.853432
0.813561
-0.479122
0.766338
0.247725
-0.466455
-0.00140623
-0.270749
-0.88952
1.13926
-0.401139
0.481212
-0.0543577
0.31939
-0.239072
0.285927
-1.45698
1.22556
-0.241283
-0.0771401
0.0498757
-0.107558
-0.18327
0.707054
-0.311776
-0.119151
0.385351
-0.63107
0.0812095
-0.124939
0.38201
-0.509831
0.675442
-0.432018
0.777251
-0.355467
-0.233587
-0.364288
0.844198
-0.357972
0.50368
-0.620375
0.290263
-0.218543
0.224067
0.146545
-0.22746
0.138808
-0.725009
-0.158387
0.863229
-1.5795
0.869312
-0.420337
0.989412
-0.205896
0.641276
-0.800925
0.441344
-0.419316
0.44691
-0.277838
0.409076
-0.482416
0.526922
-0.485715
0.0288463
0.260101
-0.0684574
-0.778245
0.360411
0.13411
-0.0251504
-0.732054
-0.0407888
0.898894
0.109622
-0.596772
1.00756
-0.81016
-0.477312
0.164352
1.02253
-1.71442
1.72429
-0.391706
0.613554
-0.627115
-0.818853
1.03266
-0.0742277
-0.0591411
-0.269681
0.246224
-0.0264869
-0.596016
0.535556
-0.274002
-0.43072
0.456635
0.885643
-0.782373
0.594253
-0.193944
0.118388
-0.482862
0.727855
-0.456313
-0.174846
-0.192521
0.817627
-1.05205
0.246014
0.22673
-0.233026
0.210651
0.202843
-0.0471349
0.195066
-0.380211
-0.0565842
-0.437196
0.762325
-0.63015
0.250047
-0.147059
0.118657
-0.250895
-0.269098
0.777921
0.267333
-0.0793235
0.199454
-0.0111079
-0.0744027
-0.00276327
0.0413927
-1.35953
0.788875
0.501689
-0.126229
-0.348588
-0.140398
0.120089
-0.0523755
0.590016
-0.373105
0.341056
-0.742604
0.451846
0.0352897
0.0438012
0.180177
-0.401374
0.41556
-0.0914471
-0.429987
-0.214121
0.13286
0.219596
-0.00454034
-0.284386
0.152382
-0.195315
0.606002
-0.471363
0.138833
-0.0817314
0.180564
-0.897808
0.998394
0.0198796
-0.232002
-0.433357
0.349335
0.419467
0.114524
-0.322339
-0.626456
0.338415
-0.371699
0.884665
-0.305703
-1.28932
-0.15447
1.29985
-0.207651
-0.0628959
-0.146967
0.273058
-0.264219
0.624292
-0.217282
0.530625
-0.132922
0.384504
0.0855552
-0.806945
0.522879
-0.614623
0.674048
-0.792526
0.517858
-1.12772
0.472108
0.360724
0.557204
-0.485164
-0.132101
-0.269542
0.708691
-0.254524
-0.789067
0.43651
0.340729
-0.498814
0.845561
-0.556842
0.840403
-0.530746
0.190309
-0.687883
1.01153
-0.821581
0.448289
-0.0906519
-0.203347
-0.484469
0.886617
-0.981898
0.128743
0.107356
0.80032
-0.188513
0.151417
-1.15231
-0.359949
1.10577
-0.179838
-0.147443
0.579971
-0.222798
0.22102
-0.0491758
0.117604
-0.597534
0.382809
-0.726787
0.891825
0.255891
-0.578316
-0.371574
0.579534
-0.349485
0.566613
-0.405849
0.67885
-0.756595
-0.464431
0.310121
0.257693
0.284398
-0.0337955
-0.414571
0.242368
-0.125914
0.0330849
0.226712
-0.271048
0.431221
0.16885
-0.689339
0.737244
-0.585937
-0.191157
0.306351
-0.38366
-0.607295
0.879059
0.062938
0.131234
-0.477121
-0.241581
0.327545
0.379917
-0.201083
-0.590152
0.599458
0.267642
-0.120865
0.128745
-0.509714
0.290934
0.339256
-0.385825
0.138884
-0.0738148
-0.208056
0.572065
-0.71456
-0.344467
0.983128
-0.0514852
0.103106
-0.602692
0.160075
-0.784146
0.585616
0.669907
-1.0127
1.23036
-0.477121
-0.0724362
0.000419771
-0.0201079
0.165984
-0.0328139
0.400399
-0.0187688
-0.380539
-1.5138
-0.140742
1.45974
0.497474
-0.719323
0.322701
-0.0370913
0.125073
0.130361
0.366041
-0.134135
-0.197084
-0.595108
0.147612
0.246143
-0.153014
-0.703271
0.267949
0.308644
-0.0613313
0.441543
-0.928057
0.37594
0.0419188
0.402793
0.240969
-0.197914
0.430664
-0.729262
0.386048
-1.28211
0.925189
0.197621
0.0967959
-0.178179
-0.670573
0.410198
0.355208
-0.414212
0.224519
-0.0308348
-0.331805
-0.0534791
0.681802
-0.215746
-0.53778
1.02213
-0.392279
-0.104856
-0.718546
1.29299
-0.634134
0.324479
-0.099828
0.28579
-0.332613
0.337318
-1.18391
1.23293
-0.473932
-0.126802
-0.123742
0.424506
-0.481173
-0.178829
1.03368
-0.759559
0.0977843
0.0057815
-0.472944
0.698131
-0.087404
0.33301
-0.258448
0.126599
-0.975489
1.18816
-0.0458562
-0.116192
-0.417995
-0.018797
-0.085066
0.0162411
0.474794
-0.451254
0.32379
0.370502
-0.671768
0.336146
0.192511
-0.206603
0.0784885
-1.22951
0.875744
0.40336
-0.191553
0.375022
-0.440806
0.327957
-0.773958
0.745929
0.065604
-0.310316
0.303543
0.170665
-0.524617
-0.319769
0.249225
0.0403824
-0.155249
0.725223
-0.760619
0.451293
0.0403824
0.166146
-0.7423
0.181836
-0.0448891
0.305341
-0.918427
1.28184
-0.201612
-0.45016
0.198437
0.537488
-0.143467
-0.0778101
-0.303597
0.25956
-0.356299
0.12041
-0.289156
-0.469414
0.053782
0.283006
-0.247547
0.601096
0.00386733
0.324166
-0.153095
0.306828
-0.590825
0.675647
-1.51437
1.30901
-0.0935358
-0.549635
0.305681
0.0115379
-0.210339
0.199615
0.093764
-0.218906
-0.467341
0.0387456
0.602402
-0.379983
0.000760588
0.0154983
-0.0458166
0.350014
0.255432
-0.086043
0.232744
0.331136
-0.56855
0.235412
-0.866796
0.0219837
0.30779
0.146941
0.560224
-0.25838
0.196527
-0.881252
0.543395
0.19967
0.131827
-1.05306
0.53043
0.0600541
-0.171425
-0.0225695
0.0869337
-0.137591
0.276234
0.509666
-0.568243
-0.157999
-0.00198501
-0.28533
0.270861
-0.031911
0.786884
-0.947795
-0.0653892
-0.616356
0.689182
-0.29301
0.996828
-0.782344
0.351215
0.00981308
0.460009
-0.420631
0.0606229
-0.5312
0.557852
-0.158006
-0.539771
-0.173604
1.08103
-0.659681
-0.145222
0.64315
0.0703705
-0.0477978
-0.524063
0.727967
0.0570083
-0.0949404
-0.696277
0.771059
-0.490968
0.12676
-0.381999
0.94939
-1.60882
0.188069
0.62836
0.392062
-0.213549
-0.1199
-0.163849
0.519919
-1.06886
1.2816
-0.273547
0.35437
-0.865077
0.861391
-0.299191
0.04939
-0.0732912
0.312219
-0.921486
0.552658
0.00153367
-0.0623868
0.0213668
-0.222873
-0.204782
0.251874
0.0740511
0.343604
0.0724028
-0.863902
-0.141351
0.520512
-0.162235
1.01431
-0.664991
0.377605
-0.457431
0.491039
-0.263922
-0.265276
-0.622599
0.0852772
0.296132
0.54779
-0.349767
0.231419
-0.245551
0.0598902
-0.0982443
-0.0795758
0.834386
-0.324777
-1.09541
0.964338
0.206602
-0.590286
0.22421
0.0204756
-0.490878
0.761745
-0.296213
0.359714
-0.252698
0.0462742
-0.088558
0.357485
-0.469587
-0.0521166
-0.123975
0.478571
-0.897701
0.100139
0.493636
-0.132094
-0.137915
0.0410055
-0.370796
0.12715
0.672462
-0.630267
0.273788
0.260484
-0.240939
0.271786
-0.16865
-0.516528
0.828366
-0.0711278
-0.605962
0.376059
-0.511199
0.41197
0.587083
-0.17784
-0.509838
0.491383
-0.0322325
-0.497551
0.660786
-0.368364
-0.833431
0.608186
-0.333355
0.810937
-1.01851
-0.126678
0.314781
0.522163
0.13843
-0.579463
0.245079
0.476688
0.0288964
0.225337
-0.187612
-0.216817
0.066487
-0.102662
0.256035
-0.44134
0.0768668
0.233095
0.151691
-0.140261
-0.343474
-0.0144606
0.0656788
-0.24615
0.189193
1.00679
-0.461944
-0.95956
0.323018
-0.405593
0.859432
-0.624016
0.397302
-0.573252
0.659067
-0.626991
0.896824
-0.604062
0.18804
-0.263577
0.339078
-0.13526
0.265484
-1.0601
0.374282
0.203122
0.0947585
-0.136033
1.01109
-0.920758
-0.152948
0.643581
0.0114295
0.438899
-0.21705
-0.204723
-0.604912
0.763009
-0.199436
-0.0145407
-0.121215
0.286841
-0.534434
0.752422
-0.125899
-1.23805
-0.264665
1.3373
-0.885631
1.12965
-1.20976
1.01127
-0.513392
0.545856
-0.103446
-0.11636
0.146412
0.362059
-0.562189
0.690697
-0.502324
0.504377
-0.916516
0.570553
-0.746395
0.940969
-0.672931
-0.141432
0.426712
-0.0304389
-0.0961328
0.176981
-0.592433
0.0597766
-0.110492
0.927145
-1.11424
0.582081
-0.117326
0.333924
0.278629
-0.0104935
-0.5329
0.511546
-0.0603162
-0.418265
0.105465
0.430482
-0.405631
0.189325
-0.2368
0.32319
-0.892166
0.853991
-0.0675534
0.123728
-0.106666
-0.282086
-0.0861071
0.25031
-0.225296
0.825629
-0.164447
-0.061518
0.0167057
-0.305969
-0.305914
0.537698
-0.175692
0.173306
0.0219633
0.0870111
-0.323383
-0.192248
-0.312765
0.58711
-0.522879
-0.0425875
0.410038
0.281832
-1.00117
0.516295
-0.165457
0.100271
-0.312777
0.0850804
-0.259559
-0.000968334
0.578732
0.287394
-0.414366
0.504421
-0.402386
-0.418451
0.911238
-0.150211
-0.2842
0.362873
-0.0960975
0.00820997
0.128267
-0.276992
0.0687158
-0.0899612
-0.237803
0.408603
-0.321309
0.533306
-0.834336
0.0413332
0.113682
0.2631
-1.24192
1.24453
-0.0603346
-0.117146
0.278719
-1.0298
0.578003
0.392157
-1.00011
1.26691
-0.261016
-0.825188
0.492993
-0.141615
0.627217
0.240765
-0.546739
-0.356531
0.538604
-1.15755
1.02904
0.12913
0.297302
0.0904623
-0.128354
-0.880694
0.859667
-0.327232
-0.338289
0.49596
0.130334
-0.709116
0.658841
-0.266268
0.0996568
0.148531
-0.0641671
-0.270911
-0.339078
-0.0608842
0.452531
-0.621107
0.560046
-0.237099
0.663068
0.350656
-1.04676
-0.613854
0.883227
0.552352
-0.493596
0.308078
-1.20996
1.0474
-0.37473
-0.0126996
-0.327845
0.903443
-0.0742864
-0.0938824
-0.712198
0.20861
-0.299925
0.470733
-0.249655
0.358162
0.0816306
-0.103945
-0.325007
0.787514
-0.693893
0.775817
-0.15617
0.137528
-1.54142
0.783393
-0.55889
1.05467
-0.610295
1.0396
-0.435252
0.486404
-0.233748
-0.739508
-0.390217
-0.160851
0.460838
0.117362
0.315847
-0.00931998
0.273347
-0.0260235
-0.00405509
-0.182502
-0.457599
0.701566
-0.211497
-0.0531796
-0.240067
0.641305
-0.857827
0.577001
-0.260504
0.0426762
0.121318
0.339548
-0.954502
0.140333
0.519016
-0.288119
-0.721883
-0.36734
0.978456
-0.23221
-0.139396
0.453772
-0.249913
0.0352573
0.618919
0.279841
-0.371508
-0.0332718
-0.107634
0.205903
-0.164595
0.668386
-0.456366
-0.587193
-0.395537
1.00453
-0.335546
-0.518916
-0.0388383
0.173902
0.100121
0.478081
-0.528722
0.185409
0.0786583
-0.707539
0.264884
1.23386
-0.226093
-0.153633
0.0875097
0.0615395
-0.792906
0.412885
0.180629
-0.208242
0.307318
-0.537819
0.416971
-0.0860903
-0.348358
-0.230182
0.814473
-0.16598
0.339659
-0.871682
0.166409
-0.218594
0.154951
-0.603225
0.31113
-0.0862488
0.417654
0.599646
-0.386231
0.419569
-0.403905
0.019098
-0.276542
0.502538
-0.151927
-0.578563
0.797972
-0.125173
-0.731926
0.143586
0.318578
-0.129439
-0.0484078
0.981621
-1.44164
1.44646
-0.592245
0.589826
-0.682747
0.736622
-0.948745
-0.218517
0.162103
0.306189
0.270958
-0.411193
0.0596904
-0.259887
0.262618
-0.0528238
0.295405
-0.891972
0.6671
0.802108
-0.932248
0.908767
-0.610548
0.577548
-0.982437
0.845098
-0.929986
1.01266
-1.44915
1.15757
-0.11192
-0.385025
-0.0300898
-0.704746
1.10357
-0.361457
0.414278
-0.173072
0.167095
-0.453054
-0.369716
0.78854
-0.717232
1.07586
-0.857738
0.910984
-0.28785
0.285497
-0.0445821
0.0564813
-0.939796
1.01323
-0.637042
0.666597
-0.754047
0.354885
-0.714546
-0.0898381
0.03217
0.640617
-0.411075
0.494239
-0.531736
0.241757
-0.480281
-0.697746
0.456378
1.342
-0.993412
0.968459
-1.24436
1.25779
-0.641173
0.718086
-1.04606
1.08582
-0.992499
0.842985
-1.22193
0.58984
-0.226642
0.483294
0.0775856
-0.107608
-0.670543
0.548515
-0.372158
-0.000265542
0.451105
-0.0414609
-0.215392
0.774019
-1.12147
1.11656
-0.877979
0.90309
-1.42858
1.40347
-1.26691
1.06248
-1.4105
1.4571
-0.655843
0.474134
-0.643046
0.213464
0.343753
-0.310097
-0.121335
0.528571
-0.15295
0.0861665
-0.416784
0.412871
-0.164246
0.121616
-0.311064
0.682883
-0.865962
0.958222
-1.12178
0.915097
-0.293785
-0.626139
-0.537379
1.42205
-0.445578
0.333336
-0.153536
-0.104507
0.132536
-0.303154
0.383358
-0.00912201
-0.668003
0.227123
-0.12512
0.462916
-0.449075
0.889794
-0.487188
0.535621
-0.930279
-0.0220615
-0.671489
0.378289
-0.108374
0.163582
-0.318312
1.01634
-0.22994
-0.450744
0.137403
0.270228
0.418084
-0.0951517
-0.160243
-0.0237054
-0.445011
0.31193
0.270303
-0.501476
-0.114786
0.825635
-0.865301
1.22818
-1.40856
1.33533
-0.646505
0.716793
-2.23539
2.19614
-1.0472
0.947088
-0.842352
0.349893
-0.379183
0.273323
-0.455099
0.206801
0.249373
-0.622813
0.088306
0.364377
-0.196922
0.570635
-0.0770259
0.527464
-0.554005
0.610958
-1.58334
1.54879
-1.40383
1.29582
-0.150094
0.214393
-0.694325
0.457938
-0.947488
0.147765
0.0301455
0.391943
0.262867
-1.14214
-0.083316
1.12404
-0.897039
0.0712194
-0.152547
1.02476
-0.382998
0.800882
-1.18486
1.24592
-1.18134
1.16525
-1.41709
1.36274
-1.74352
1.79005
-1.23438
1.27785
-0.816852
0.176527
-0.700797
0.446325
-0.118983
0.517105
-0.58322
-0.270634
0.00758669
0.134557
-0.224353
0.59422
-0.278928
1.00925
-1.51329
1.54325
-1.28733
1.37714
-1.35737
1.25117
-0.885505
0.897149
-0.60265
0.612195
-0.578512
-0.0566367
-1.04594
1.09626
0.203618
-0.749833
0.738938
-0.458468
-1.12229
1.51131
-0.433612
-0.266856
0.956408
-0.161316
-0.977014
0.528083
0.297359
-0.180456
-0.26508
-0.00701957
0.0808349
0.0193757
-0.72427
0.426337
0.357739
0.315047
-0.260291
0.397729
-0.521609
0.435613
-0.519485
0.612941
-0.0811476
-0.184044
-0.097843
0.153175
-0.834358
0.366845
-0.138672
0.695698
-0.436434
-0.562832
0.984842
-0.72616
0.0422672
-0.289871
0.566314
0.146869
-0.0927374
0.183314
0.123697
-0.136301
-0.244736
-0.0209928
-0.123533
0.487597
-1.00798
0.579096
0.390983
-0.236703
-0.269004
0.287323
-0.00995968
0.0455622
-0.646125
0.27709
0.542402
0.0747792
-0.0294097
-0.265702
0.12834
-1.19279
1.23739
0.20412
-0.104855
-0.204857
-0.224461
-0.0596671
0.233931
-0.0803344
0.205881
0.264623
-1.19232
0.221198
0.430265
-0.414279
-0.459526
0.595934
0.553619
-0.157714
-0.257858
0.683376
-0.0557335
-0.632657
0.559862
-0.372548
0.397372
0.0370151
-0.393591
-0.105137
-0.253827
0.621477
-0.44675
0.1858
0.173748
0.389377
-0.623304
0.336839
-0.191038
0.224913
-0.201792
0.00485701
-0.541677
0.308579
0.153714
0.0753334
-0.218204
0.372473
-0.36035
0.308368
-0.180323
-0.205927
0.595194
-0.21603
0.373535
-0.686695
-0.598136
-0.221652
0.91737
-0.0788755
-0.333551
0.823082
-0.091208
0.0149212
-0.264559
-0.359851
0.0450441
0.612975
-0.111909
0.0999519
-0.362993
-0.22335
0.74844
-0.267526
-0.611614
0.408789
0.131701
0.190655
-0.30103
-0.363655
-0.0385634
0.492285
-0.494832
0.448458
-0.143744
-0.127351
0.551238
-0.475608
0.417711
-0.0046027
-0.522421
0.293436
-0.120866
-0.467567
0.660949
-0.00947589
0.383887
-0.253709
-0.193603
0.436641
-0.695796
0.708633
-0.349763
-0.430374
0.438208
-0.419059
-0.148033
0.0455493
0.711183
0.358149
-1.38548
0.272616
0.831461
-0.267862
-0.343228
0.553896
-1.16129
0.138689
0.208025
0.357083
0.392948
-0.555728
-0.80564
0.840978
-0.245644
