0.416806
0.0649753
1.26105
-0.178989
0.132708
0.0159685
-0.938977
0.484103
-0.19562
-0.542819
-0.114416
0.0289747
0.661117
-0.38625
0.569461
-0.282703
0.0594205
0.234185
-0.738014
-0.229452
0.101245
0.372255
-0.406201
0.228669
-0.0308945
-0.142969
0.0494809
0.119703
-0.00883082
-0.137796
-0.523506
0.656764
0.246436
0.239295
-0.170428
0.068938
0.252246
-0.237418
-0.91422
0.768496
-0.68458
0.980029
-0.562493
0.273153
-1.03708
0.750416
0.628772
-1.01762
0.244339
0.186645
0.0747148
0.530863
-1.44781
-0.0800356
0.129008
0.638308
0.5724
-0.296425
0.0671755
0.60166
-0.626361
0.290754
-0.847256
-0.125227
0.897073
0.314588
0.335685
-0.49346
0.0135728
-0.696943
-0.39947
0.411834
-0.0202336
9.0695e-05
-0.394297
0.705792
-0.80257
0.721905
-0.432859
0.553192
0.168222
-0.277615
0.0706555
-0.805399
1.09503
0.143596
-0.541463
0.551166
-0.726966
0.496426
-0.300574
0.0224605
-0.752376
0.333712
0.211037
-0.502843
0.296718
-0.275734
0.73733
-0.416757
-0.409851
0.56975
0.0706393
0.312949
-0.207249
0.00915286
-0.373936
0.853643
0.0235065
-0.497873
-0.162314
0.956892
-0.150479
-0.331714
0.246042
-0.886318
-0.325918
0.531642
-0.0357948
0.024924
-0.0430026
-0.0405265
0.0716024
-0.690913
0.179894
-0.465115
0.0294218
1.14329
-0.566873
1.02787
-0.744478
0.0141805
0.898465
-0.235614
0.161368
-0.665179
-0.0449386
0.368824
0.159858
0.322383
-1.10736
-0.262833
-0.0477766
0.559349
0.0330816
-0.144163
0.0545479
0.184254
-0.583778
0.843024
-0.873494
0.457675
-0.0351298
0.348455
-0.391485
0.467021
0.104463
0.0569048
-0.157539
0.147393
0.136139
-0.0859011
0.731788
-1.17328
-0.0799118
-0.00992202
-0.361301
0.389729
-0.699188
0.823356
-0.0638583
-0.115419
-0.0398105
0.296788
-0.373081
0.35402
-0.581862
0.394993
0.225185
-0.0459159
0.244772
-0.325545
0.384458
-0.741033
0.469016
-0.0381352
-0.0565352
-0.148462
0.414973
-0.221263
-0.126451
-0.136079
0.355694
-0.147475
-0.201221
0.0700324
-0.817771
-0.0652419
0.752216
0.130287
0.613153
-1.07546
-0.0749734
0.830238
-0.140411
0.0447533
0.603869
-0.0772971
-0.21601
-0.184083
-0.201799
-0.0431523
-0.17792
0.161145
-0.00058731
-0.273158
0.177541
0.14219
-0.279775
-0.230358
0.512098
0.00677951
0.391078
0.165157
-1.1528
0.945843
-0.537851
0.58961
-0.29998
0.280693
0.128431
-0.599083
0.117311
-0.0423459
0.391691
-0.314539
-0.16903
0.0857881
0.138681
-0.046873
-0.055478
0.282071
-0.48086
0.0956256
0.0482966
-0.00980048
-0.988565
1.47978
-0.749012
0.122912
0.358679
0.0372443
-0.160495
0.131566
-0.812776
0.483312
0.583517
-0.595619
1.22549
-0.876746
-0.580518
0.0524456
0.03222
-0.0525907
0.055657
0.257992
-0.469114
0.410972
-0.168649
0.0193702
-0.149836
0.571837
-0.701923
0.912159
0.319862
-0.231285
-0.464999
-0.0231176
-0.328335
-0.191484
0.540083
-0.407667
0.0790112
-0.242331
0.0501877
-0.174846
0.0363778
0.331004
0.369288
-0.187105
-0.348904
0.213107
-0.109319
0.104451
-0.463363
1.0572
-0.780013
0.843076
-0.386733
0.62267
-0.979179
0.599024
-0.213035
0.205778
-0.506808
0.174672
0.0893747
-0.799436
-0.26593
0.351186
0.572323
-0.044351
-0.101728
0.141762
0.385076
-0.155779
-0.740223
0.571737
-0.0810194
0.569336
-0.283885
0.0446947
-0.452108
0.356214
0.23221
0.231429
-0.186898
-0.795306
0.128881
0.707887
-0.902078
0.76998
-1.24085
0.393041
-0.0280666
0.686267
0.127762
-0.371167
-0.0137195
-0.755681
0.535439
0.0661932
0.535011
-0.016291
-0.0375926
0.0934735
-0.43709
0.319297
-0.16003
0.336427
0.398399
-1.00381
0.06244
0.43298
0.0272059
-0.305058
-0.956907
1.36834
-0.588272
-0.178199
0.346849
0.0931758
-0.954496
1.12967
-0.760935
-0.390729
0.342452
0.473456
-0.0184483
0.364827
-0.248941
0.402377
-0.734975
0.0423064
0.505299
-0.744295
0.133355
0.853222
0.175337
-0.838915
-0.380177
0.227773
0.743141
-0.160927
0.0958091
-0.254814
0.109472
-0.269737
-0.134219
0.667329
-0.540238
0.508595
-0.247376
0.188212
0.0287317
-0.114976
-0.0666039
-0.15716
-0.216397
0.363386
0.10019
0.0752988
-0.360206
0.171841
-0.647515
0.966274
0.253325
-0.330264
-1.08065
1.13889
-0.112893
-0.213663
0.0107836
0.159471
-0.487151
0.452681
-0.377799
0.100501
0.564006
-0.0148042
0.149238
-0.2141
-0.459516
0.0995852
0.825087
-0.447411
-0.387452
-0.504815
0.622677
-0.244781
0.405414
-0.578142
0.0448349
0.10505
0.0338054
0.128566
-0.444791
0.503901
-1.0995
1.39547
-0.320895
0.201017
-0.039389
-0.268158
-0.0120171
0.762347
-0.584569
0.360693
-0.571564
0.143829
0.0976187
-0.554117
-0.270477
-0.213411
0.488133
0.233855
0.137333
0.209797
-1.11353
0.101189
0.279809
1.15195
-1.26215
0.60064
-0.152276
-0.685383
0.636695
-0.0818741
0.370004
0.162097
0.462398
-0.680148
0.456804
-0.461471
0.662913
-0.915979
-0.208835
0.403774
0.123273
-0.124084
0.392904
-0.598793
-0.556279
0.742881
-0.310931
0.450722
-0.293658
0.101582
0.939267
-0.117909
-0.269137
-0.152444
-0.456708
0.834281
-0.0393296
-0.145591
-0.348934
-0.379743
0.502812
-0.215947
0.0389687
0.350943
-0.0228526
-0.774679
0.773925
-1.00068
-0.401625
0.933036
-0.229628
0.433979
-0.466696
0.5564
-0.160378
0.0916374
-0.125422
-0.294627
0.0575373
0.713086
-0.827911
0.682058
-0.261235
0.394746
0.362243
-1.17659
0.43731
-0.893959
0.408987
0.358123
-0.415447
-0.441576
0.0416904
0.622223
0.675543
-0.465078
-0.00106724
0.0566887
0.638038
0.00151061
0.0138371
-0.379429
-0.300867
-0.667875
-0.32151
1.14618
-0.260082
0.0311771
0.490589
-0.179498
-0.929851
0.177323
0.0708046
0.314232
-0.0165431
-0.562921
0.251335
0.485987
-0.28076
-0.341957
0.153046
0.639612
-0.305905
0.507915
0.272796
-1.28331
0.546038
0.636071
-0.140515
-1.58016
1.53097
-0.0823226
-0.0596192
-0.490921
0.263425
0.17157
-0.518635
0.350615
-0.972774
0.374506
0.547851
0.136061
0.0142887
0.400726
-1.46715
0.748533
0.507767
0.404774
-0.493605
0.272597
-0.281667
0.508596
-0.840082
0.0675009
0.360895
0.0712027
-0.883456
-0.267341
0.671993
-0.124228
0.592279
-0.304619
-0.105514
-0.545457
-0.111119
0.764542
-0.189012
0.121525
-0.141149
0.219942
0.545527
-0.41044
-0.0179089
0.409666
0.116958
-1.1619
0.890954
-0.126995
0.291559
-0.284665
-0.594525
-0.712783
0.888344
-0.723876
0.731894
-0.426491
0.191936
-0.851639
0.845087
-0.147674
0.0609459
-0.402907
0.152131
0.107647
0.947815
0.241424
-0.181695
-0.369763
0.118582
-0.32012
-0.368208
0.578144
-0.00281751
-0.0463789
0.109531
-0.196484
-0.00528025
0.38558
-0.206857
-0.558898
0.0234001
0.963378
-1.38819
0.677019
0.160338
-0.502656
0.121135
0.32068
0.321989
0.471413
-0.357621
-0.436645
-0.33901
0.744933
-0.189315
-0.0241785
0.246975
-1.07418
0.0188068
0.61025
-0.463961
0.929736
-0.463783
0.272877
-0.619543
0.490945
-0.0622937
0.381384
0.080842
-0.3827
-0.30371
0.777125
0.043984
-0.145544
-0.811037
0.550548
-0.154635
-0.354423
0.118938
0.556825
0.197192
-0.665195
-0.926139
0.778278
-0.219429
0.00932883
0.504249
-0.689975
0.0595003
0.995902
-0.3982
0.473838
-1.06802
0.53087
-0.435898
-0.192693
0.425147
-0.121429
0.472955
0.134315
0.00403997
-0.251325
0.168678
0.219538
-0.226669
0.0112252
0.315545
-0.980454
-0.11292
0.161021
0.238111
-0.320951
0.749863
-0.00860548
-0.466064
-0.48219
0.699961
-0.104037
0.121678
0.286557
-0.755407
0.494983
0.0431421
0.417183
-0.494062
0.184009
-0.0471653
-0.0465368
0.221155
0.488942
0.270096
-1.08368
0.322757
-0.506149
-0.240838
-0.351752
0.978612
-1.24576
0.485788
0.884827
-0.523893
0.0813133
-0.623778
0.429267
0.457943
0.446906
-1.09401
0.233732
0.333071
0.210025
0.121367
0.103037
-0.408537
0.251032
-0.319775
-0.975253
0.627841
0.226924
-0.198891
0.258254
-0.732027
1.27713
-1.12906
-0.0641961
0.403927
0.172699
-0.0291779
0.685665
0.00585097
0.150109
-0.498527
0.191486
0.16395
-0.2858
-0.147254
-0.16955
0.111734
-0.472053
-0.330558
0.338876
0.554927
0.034744
-0.84617
0.889611
-0.293436
-0.156918
-0.210889
0.311751
-0.649208
0.494573
0.0704711
0.312956
0.0920711
0.10911
-0.497566
0.810634
-0.636031
0.0202175
-0.120678
0.0127971
-0.607818
0.989439
-0.460236
-0.180525
-0.0256285
0.312586
0.480108
-0.561848
0.00811588
-0.669366
0.894247
-0.644094
0.0936048
0.366226
0.21779
0.121454
-0.243861
-0.0698185
0.124346
0.254799
0.398245
-0.685663
-0.252804
-0.440886
0.787703
-0.248191
1.26938
-1.16768
-0.0878205
0.469231
-0.908791
0.393212
-0.437619
0.249364
0.182064
0.478433
-0.575404
0.115082
0.0319342
-0.558277
0.70804
0.0696429
0.559425
-0.0439186
-0.226128
-0.83417
0.354018
-0.190702
0.971154
-0.55109
0.230469
-0.333886
-0.67275
-0.192801
1.1075
-0.324214
0.57651
-0.910087
-0.216913
0.604474
0.282811
-0.303345
-0.145406
0.872693
-0.585181
-0.253155
0.411213
0.0916857
-0.0177714
-0.180395
0.221924
0.0267283
0.321062
-0.52911
0.965524
-0.414093
0.358393
-1.43263
1.45959
-0.78064
-0.365794
-0.556158
0.0402063
-0.112293
0.00342803
0.254295
1.09691
-0.258334
0.374152
-0.534094
-0.116871
-0.00915326
-0.195174
0.507974
-0.200526
0.0222131
-0.161499
1.0066
-0.846678
-0.463126
-0.0127318
0.606192
-0.220826
-0.472919
-0.110703
0.154845
-0.940019
0.875176
-0.525443
0.561852
0.279756
0.620129
-0.766646
0.0914491
0.727149
-1.11951
0.68258
0.153859
0.0355965
-0.221034
0.286851
-0.0401946
-0.126854
-0.140771
-0.243778
0.808136
-1.07143
0.882542
-1.34914
0.347051
0.10379
-0.0857272
-0.249598
0.707861
0.194439
0.128588
-0.41607
0.4908
-0.272879
0.2859
-0.862999
-0.0204151
0.42527
0.341306
-0.150078
0.0465809
-0.421182
-0.330706
0.366052
-0.393309
-0.0350783
0.280094
0.00509807
0.285831
-0.0733243
-0.090973
-0.467488
0.420919
-0.124639
0.612072
-0.217158
0.0591369
0.0468016
0.00718652
-1.02558
0.544775
0.439153
0.215099
-0.127363
0.0829036
-0.0916775
0.477121
-0.616619
-0.556727
-0.364748
-0.0667213
0.819226
0.225791
-0.0218519
-0.346839
0.424575
-0.331719
-0.0377405
0.162103
-0.0821391
0.556048
-0.736858
0.206591
0.0896894
-0.141605
-0.0295962
-0.438865
1.04294
-0.53793
0.419211
-0.0391816
0.0184969
0.166744
-0.412982
-0.615346
0.105428
0.117932
0.521756
-0.0582099
0.0269696
-0.202261
-0.326056
0.329563
0.0281852
0.348635
-0.598376
-0.0287164
-0.370525
1.26214
0.0012868
-0.198282
-0.0140561
-0.0835066
0.682024
-0.933732
0.406796
-0.437295
-0.283042
0.197132
-0.762748
1.16405
-0.65023
0.0102791
-0.0329098
0.640325
-0.134546
0.534122
-0.118333
-0.761833
0.153577
0.248649
0.293731
-0.20412
-0.110631
-0.400323
-0.0427713
1.03185
-0.385884
-0.521218
0.030097
0.715602
0.315873
-0.756026
0.761817
-0.45058
-0.343314
-0.107188
-0.264487
0.562054
0.19407
0.0822577
-0.109754
-0.12984
-0.0506693
0.275426
-0.685502
0.205737
0.575021
-0.112799
-0.913317
0.472481
0.299648
-0.335509
-0.0191204
-0.297252
0.104409
-0.0138616
0.535872
-0.714901
0.250696
0.0943106
0.12729
-0.188004
0.479704
0.0762763
-0.709383
0.646926
-1.47252
1.48627
-0.360443
0.39211
-0.0635932
-0.0243156
-0.204404
0.0878451
-0.603275
-0.11026
0.00636784
0.064237
0.162231
0.365074
-0.0253561
-0.641782
-0.0308187
0.579527
0.0601707
-0.265986
-0.44225
1.10828
0.00175947
-0.339528
0.0399698
0.190937
-0.531533
-0.444816
0.359443
0.806003
-0.105593
-0.177752
-0.255845
-0.158646
0.141613
0.112413
-0.774273
-0.177814
0.379518
0.273709
-0.0341812
0.397999
-0.684175
0.0524775
0.362557
0.48775
-0.595407
0.43088
-0.0663245
0.375125
-0.705198
-0.224582
0.00833417
0.381783
-0.683506
-0.254406
0.69524
0.207714
-0.595797
0.492113
0.118645
-0.547091
0.816071
-0.667933
0.293521
-0.450682
-0.262956
0.294804
-0.198222
1.26347
0.0483046
-0.283529
-0.16545
-0.67479
0.837966
-0.0674325
-0.116277
0.507633
-0.313209
-0.241541
-0.390908
0.547559
-0.0447686
-0.288344
0.259974
-0.341982
-0.144023
0.446402
0.0903847
-0.567506
0.0293142
0.5725
-0.616475
0.789628
0.052313
-0.416157
0.0310655
0.0458835
-0.0867605
0.215497
-0.0441271
-0.458877
-0.0287335
0.00632406
0.192999
-0.517978
-0.193581
0.491702
-0.215645
-0.143775
0.30794
-0.0812308
0.483967
0.0364906
-0.73725
0.273804
0.0247249
0.559118
-0.304538
0.212432
0.316925
-0.121196
-0.464231
0.0545535
0.111965
0.592949
-0.193144
-0.110944
0.789733
-1.52466
0.123818
0.292167
-0.644017
0.95578
-0.981865
0.454995
0.236077
0.275695
-0.190332
-0.128427
-0.303714
1.31249
-1.80834
1.00857
-0.0358635
-0.19829
-0.144415
0.305283
-1.18767
1.10884
-0.635128
0.693998
0.554628
-0.795555
-0.613308
0.41451
-0.459751
0.302376
-0.138141
0.523115
-0.0868591
-0.230824
0.0635563
0.090123
-0.403607
0.990759
0.212608
-0.486837
-0.880504
-0.012946
0.365212
-0.0482833
0.426905
-0.0623979
0.346266
0.50697
-0.681277
-1.25158
0.109302
0.742449
0.089777
-0.134144
0.191636
-0.317457
-0.313411
0.155919
0.180669
-0.0459097
0.531022
0.697422
-0.776474
0.693701
-0.97806
0.30056
0.593028
-0.219106
-0.32885
0.355358
0.191024
0.124764
-1.12193
0.263083
-0.457418
-0.123808
-0.0604751
0.729431
-0.0437303
-0.0900764
-0.0823995
0.081618
0.460191
0.0124419
-0.497254
0.75844
-0.51058
0.71734
-0.678204
-0.160469
-0.675624
0.00686034
0.717469
0.657901
-0.766936
-0.353908
1.61388
-0.0629578
-1.13383
0.409182
0.0759636
-0.312847
0.568727
-0.116649
-0.23323
-0.0937459
-0.539065
-0.0334894
-0.0374808
0.611351
-0.210228
0.0657976
0.263189
0.423665
-0.671788
-0.00679612
-0.00937076
-0.746574
0.467209
0.100559
0.0215538
0.241237
-0.240908
0.265822
-0.434812
0.743378
-0.639249
-0.160607
-0.539851
0.184201
0.507575
0.316171
-0.032089
0.325718
0.0687696
-0.258445
0.221687
-0.0897206
0.0913442
-0.336167
0.342723
0.593881
-1.48419
0.528692
0.0664085
0.0559644
-0.266754
0.053072
0.0859555
-0.318922
-0.258747
0.31277
0.100247
-0.298718
-0.258635
0.573174
-0.159149
0.480802
-0.0650948
0.49168
-0.590811
0.23025
-0.583296
0.548747
0.141329
-0.768949
0.561892
0.466516
0.347741
-1.31102
0.214552
0.295586
-0.192711
0.257441
-0.687667
0.40896
0.105449
-0.124547
-0.303085
0.469789
0.0165067
-0.357238
0.276787
0.856811
-0.710869
0.239143
-0.528408
0.613052
-0.301854
0.149875
-0.337962
-0.133178
1.10079
-1.64611
0.716011
-0.226978
0.222347
0.0328791
-0.451908
0.699995
-0.401953
-0.545063
0.0354424
0.656505
-0.424336
0.423319
0.0664052
0.458579
-1.05826
0.199761
0.894686
-1.04038
-0.542176
1.05828
-0.780138
0.231073
1.08006
0.425468
-1.2335
-0.442752
0.583443
0.743526
-0.948937
0.305484
-0.313666
-0.140257
-0.785695
0.304159
0.817805
0.152382
-0.219151
-0.934486
0.431446
0.339324
0.157374
0.00834316
-0.0638028
0.549703
-0.439667
0.317398
-0.222158
-0.225574
-0.349801
0.428718
0.0705733
-0.0951032
-0.377644
0.588357
0.214673
-0.434652
0.522024
-0.249496
0.129156
-0.251454
-0.134422
0.250131
-0.506964
0.118876
0.00426508
-0.289607
0.90004
-0.180502
0.0404409
-0.285623
-0.150445
0.508043
-0.487288
-0.622084
0.606094
0.595182
-0.532799
-0.218873
-0.0445613
-0.502987
0.487296
0.490126
-0.284654
0.520765
-0.38794
0.600982
-0.412649
0.234232
-0.12476
-0.352955
0.578929
-0.34937
0.173579
-0.377447
1.24728
-0.507925
-0.770359
0.0786418
0.401187
-0.292263
0.28211
-0.97577
0.806539
-0.0201501
0.11747
0.152271
-0.456515
0.582148
0.07907
-0.452415
0.372235
-0.0719102
0.148768
-0.728156
0.61513
-0.333943
0.435213
-0.662422
-0.369556
-0.00119556
1.02614
-0.499968
-0.119948
-0.568058
0.393541
0.716309
-1.03723
0.635916
-0.643481
0.496813
0.187179
-0.213508
0.0964868
0.124234
-0.24421
0.161756
-0.176996
-0.0534987
0.342309
0.294057
0.0939557
-0.524165
-0.307224
0.326738
0.17542
0.028508
-0.2166
0.098544
0.364096
-0.164212
-0.446151
0.139964
-0.262275
0.496567
-0.595654
0.572123
0.222345
-0.253892
0.20645
-0.0842685
0.450469
-1.11179
0.931583
-0.682122
-0.179438
0.658124
-0.6801
1.04552
-1.38309
0.208724
-0.423506
0.800649
-0.714321
0.800839
-0.972162
1.056
0.875647
-2.00383
1.10228
-1.14795
1.18862
-0.620553
0.735831
0.194808
-0.304969
-0.074582
0.466317
-0.360492
0.502053
-0.26936
0.666464
-1.264
-0.211168
-0.102467
0.533782
-0.0109954
0.251024
0.0986355
-0.626569
0.348574
-0.0767872
-0.0836143
0.0218424
0.705807
-0.181401
-0.0417284
0.0271987
-0.331095
0.0922328
-0.550539
1.12827
-0.432599
-0.294399
-0.250725
-0.171338
-0.322719
-0.265473
0.665749
-0.0263845
-0.110594
-0.470829
1.28137
-0.529509
-0.250716
-0.665659
0.355598
-0.170129
1.38019
-0.340551
-0.102817
-0.0133255
0.188255
-0.400274
0.226403
-0.795227
0.796288
0.492916
-0.340495
-0.273625
-0.21068
0.0900625
-0.734647
-0.0885854
1.00447
-0.263913
0.221513
-0.672216
0.38222
-0.396493
-0.00075837
0.618843
-0.454943
0.56464
0.218056
0.110757
-0.538018
-0.117329
0.0657462
0.812762
-0.854292
0.218583
0.0708405
0.13931
0.354222
-0.600244
0
-0.401869
0.0688094
0.685592
0.00666935
-0.393113
-0.503448
0.445375
-0.11329
-0.204349
0.839951
-0.194784
-0.456329
0.635198
-0.324377
0.0628903
-0.424049
0.547002
-0.379264
1.19723
-0.730136
0.810013
-0.854248
-0.0941559
-0.203944
0.582793
-0.706444
0.447933
-0.2532
0.68921
-1.33254
0.696301
-0.45216
0.288504
0.786553
-1.13472
0.707727
-0.421027
0.0155355
-0.493781
0.585381
-0.319277
0.942885
-0.520806
0.0451492
-0.111907
0.227446
-0.210264
-0.153315
0.219841
-0.0125835
-0.163966
-0.39135
-0.235436
0.480657
-0.17378
0.213066
-0.00538745
0.368078
0.285741
0.101027
-0.670359
0.603905
-0.545264
0.305264
-0.515469
-0.491593
0.671685
0.586865
-0.409133
0.302809
-0.262304
-0.738646
0.263261
0.183328
-0.343096
0.89548
-0.892762
0.327523
0.129471
-0.351298
-0.783634
1.05727
0.717627
-0.72518
0.286077
0.000229703
-0.249231
-0.0460163
0.181304
-0.304551
0.991665
-0.372985
-0.535659
-0.707129
0.574537
-0.347139
0.764922
0.217167
-0.615843
-0.0823164
0.366357
-0.32399
-0.205766
0.132665
0.436898
0.513956
-0.505255
-0.246016
0.084036
0.622886
-0.166678
0.0297161
-0.378541
0.0433189
-0.204698
-0.0100377
1.28645
-1.06428
-0.0665733
-0.647631
-0.303027
0.438843
0.1335
0.219292
0.0327031
0.335308
0.152216
-0.381497
-0.0650478
0.662144
-0.171935
-0.384993
0.144566
0.243475
-0.564966
-0.155339
-0.0356236
0.652944
-0.407249
0.0022493
0.408026
-0.878449
-0.305407
0.772638
-0.189776
-0.374998
0.434013
0.266597
0.152424
-0.692144
0.0272917
0.0785777
-0.0181248
0.204906
0.381563
0.133065
-0.185922
-0.190118
0.0615017
0.461084
-0.871171
0.650745
-1.16563
0.591971
-0.347177
0.976036
0.314966
-0.822964
-0.800019
0.434979
0.18518
0.338478
-0.297179
0.721192
-0.87601
0.701278
-0.151988
0.219881
-0.193342
0.260024
0.0916066
0.0663106
-0.160385
0.0835088
-0.390647
0.200255
-0.200104
0.475003
-0.448579
-0.316003
-0.340279
0.675903
-0.0121407
-0.27116
0.675794
-0.277503
-0.446624
-0.306691
-0.210827
0.711539
-0.204274
0.552634
-0.0685487
-0.0678818
0.527574
-0.117971
-0.116112
0.0330935
0.038136
-0.491407
0.321383
0.399038
0.45269
-1.37965
0.407238
-0.361108
0.100594
-0.351574
-0.258424
0.36307
0.0683261
0.193308
0.113809
-0.207065
-0.201189
0.689096
-0.987622
0.213952
0.753103
0.357476
0.247785
-0.332618
-0.652216
0.0779058
-0.111684
0.391586
0.244785
-0.665184
0.123635
0.00975639
-0.107156
0.0200344
0.145897
-0.587658
0.376226
0.350341
-0.379429
0.262024
0.409878
0.139879
-0.745075
1.00048
-0.368835
-0.505825
0.118511
0.563148
-0.689771
-0.0574795
0.825661
-0.0658894
-0.30301
-0.395801
0.52885
-0.366209
-0.153653
-0.724875
0.228717
0.592744
-0.307165
-0.0701165
-0.520433
0.451875
0.360091
-0.160863
0.667212
0.0496878
-0.324322
-0.502181
0.369585
0.460522
-0.25393
-0.385114
0.111664
0.579211
-1.11551
0.439281
-0.397137
0.514503
-0.301124
0.186776
0.403529
-0.889361
-0.0993536
-0.0768947
0.32621
0.135243
-0.489043
1.1999
0.620178
-0.269743
-0.392252
-0.140763
-0.170328
-0.0493068
-0.0895983
0.290916
-0.22014
0.0654439
0.975772
-2.07551
0.59368
0.382052
-0.177533
-0.149698
-0.114543
0.341227
-0.147546
0.0229763
-0.306252
-0.256349
0.853249
-0.822214
0.508415
-0.429515
0.516277
0.108535
0.522422
-0.374124
0.179867
-0.455392
0.363941
-0.262769
0.15365
0.246683
-0.870999
0.379417
0.210801
-0.842542
0.720159
-0.00293835
-0.800948
1.06972
0.306981
-0.214013
-0.13464
0.161518
0.253842
-0.00720605
-0.208564
0.122114
-1.55768
1.28866
-0.742145
0.507395
-0.0464349
0.00114369
-0.864508
0.0578951
1.47821
-0.624896
-1.04173
1.57926
0.160027
-0.600822
-0.304469
-0.256052
0.345237
0.0479559
1.08135
-1.08063
0.138167
-0.0687198
0.171305
0.249971
-0.534413
0.72147
-0.289386
0.247263
0.366762
-1.02487
0.614966
-0.399448
0.272978
-0.339817
0.227042
-0.0692729
0.0170333
0.314756
-0.58336
0.198156
-0.896137
0.279552
0.302521
-0.0632481
0.622046
-0.0309473
0.0596252
-0.679038
0.418535
-0.097628
0.266489
-1.02578
1.02485
-0.0898849
0.823151
-0.918794
-0.0592838
0.312693
-0.159281
-0.119358
-0.516338
0.559592
-0.61158
0.301859
-0.964443
0.950467
-0.569632
0.820649
-0.0717516
-0.327582
0.473922
-0.521389
0.47527
-0.232008
0.226125
0.164651
0.548497
-0.521513
0.173025
-0.541379
-0.265687
-0.636209
0.990233
-0.147159
0.193532
-0.478261
0.733533
-0.469665
-0.558219
0.203099
0.0662174
1.00307
-0.783348
0.476143
0.146341
0.0915288
-0.0463104
-0.139507
-0.15421
-0.526279
0.24442
0.428029
-0.772907
0.246298
-0.0582222
0.329658
-0.0913329
-0.06135
-0.500548
0.44335
-0.895979
0.824277
-0.0664811
0.0596766
-0.157997
0.335694
-0.133214
0.710337
-0.184801
-0.18693
-0.00828022
-0.223486
0.681624
-0.720597
-0.04846
0.310919
0.762629
-1.37045
-0.348039
0.690896
0.164986
-0.314023
-0.426065
-0.129654
0.74148
0.126202
-0.365848
-0.175228
0.56164
0.567489
-0.995505
0.337218
0.230409
-0.00770688
-0.0945219
0.00710631
0.177195
0.0768668
-0.135687
-0.0121339
0.871207
-1.0939
0.135414
0.392315
0.564429
-0.765519
0.590588
-0.42364
0.21836
-0.112828
-0.683977
0.246985
-0.160156
-0.15493
0.170155
-0.225807
0.526398
0.0181915
0.180992
-0.250628
0.176091
0.390608
-1.0342
0.647111
0.112181
0.121734
-1.33772
0.858812
-0.315515
0.0886517
-0.0660571
-0.22432
-0.058839
0.427472
-0.0418248
0.443346
-0.488815
-0.317752
-0.0162218
0.754873
0.290565
-0.312225
0.0708106
-0.299881
0.190821
-0.00591292
-0.190625
-0.0885763
0.0407601
-0.503281
0.0765706
0.418313
0.0644314
0.00485035
-1.11891
0.6354
0.599059
-0.383761
-0.160526
0.530259
-0.532001
0.854244
-1.18287
0.477631
0.0736653
-0.470829
1.21192
-0.49282
-0.646885
0.437814
-0.394005
0.0254619
0.614702
0.143848
-0.0453025
-0.142433
-0.360994
-0.0361864
-0.266219
0.251191
-0.233587
0.644111
-0.436267
0.673724
-0.356315
0.227044
-0.0507932
0.364951
-0.599833
0.0316911
0.085502
0.507202
-0.916258
0.614934
-0.189108
0.227458
0.710015
-0.392644
-0.791919
0.275347
-0.214982
0.568993
-0.421653
0.027393
-0.397422
0.121596
-0.156768
0.505246
-0.143279
0.240025
-0.881259
0.91091
-0.0249859
-0.072975
-0.308774
-0.705451
0.839848
0.705577
-0.273213
-1.39156
1.19618
-0.305319
0.517927
0.102106
-0.159658
-0.203446
-0.937509
0.344336
0.600954
-0.328368
0.103
-0.306111
0.629925
-0.301952
-0.682411
0.32649
0.106091
-0.404712
0.738665
-0.637653
0.644794
-0.139335
0.2113
0.0489497
-0.19734
-0.307262
-0.324544
0.448726
-0.199693
-0.123934
0.517649
-0.698448
0.208218
0.359866
0.310548
-0.114891
-0.00264353
0.554162
-0.805167
0.360958
0.47134
-0.667723
0.439603
-0.599719
-0.351114
0.0347265
0.401846
-0.174573
0.968735
-0.304253
-0.241775
-0.188338
0.385521
-0.225887
0.313037
-0.305654
0.475809
-0.303968
-0.210778
-0.193427
-0.213666
0.170598
0.326996
-0.0737631
-0.774214
-0.0856139
0.744303
0.120128
-0.290708
0.504913
-0.595466
0.467781
0.897987
-1.75495
0.196565
0.121567
0.0293222
0.636161
-0.491539
0.28579
0.186593
0.0306448
-0.83593
-0.183053
-0.0319265
0.702467
-0.229499
0.210923
-0.355904
0.733638
0.0990851
-0.343
0.0703628
0.324188
-0.902322
0.462943
0.450257
-0.237913
0.160747
-0.379735
0.0105683
0.0577239
-0.823147
0.0178187
0.735939
-0.848504
0.205375
0.16552
0.0870758
0.573159
0.513067
-0.744056
-0.943709
1.00224
0.294717
-0.400146
-0.326599
0.831749
-0.730302
-0.374959
0.846611
-0.502342
-0.603421
0.0706515
0.402029
0.725295
-0.686898
-0.524718
0.354657
0.459595
0.0246577
0.068964
-0.0992256
0.480551
-0.63289
0.336476
0.568221
-0.953287
0.535626
-0.0524875
-0.790653
0.782252
0.177162
-0.521698
0.0683289
0.274546
0.275287
-0.443894
1.00387
-1.13889
-0.407393
0.385476
-0.118286
0.852923
-0.890612
0.618138
-0.320533
0.204523
-0.54672
0.618955
-0.153727
0.111828
-0.132527
0.15859
0.046827
-0.435508
0.467862
0.120886
0.731051
-1.54213
-0.0832361
-0.1153
0.330267
0.496
-0.115883
-0.920323
1.0075
0.529065
-0.268702
-0.403415
-0.509518
0.794048
-0.671936
0.415184
0.0721099
0.48491
-1.14591
0.835476
-0.441324
0.176361
0.846313
-0.492002
-0.301487
0.188247
-0.701709
0.381726
0.0411736
-0.233372
-0.568026
0.0368658
0.623358
-0.382482
1.02011
-0.920749
0.709851
0.233572
-0.893569
0.122519
-0.612493
0.76525
-0.238462
0.485204
-0.949121
0.791287
-0.108097
-0.63294
0.118599
0.690503
-0.552961
0.546654
-0.103989
-0.12539
0.192392
-0.318222
0.151168
-0.475509
0.671078
0.21818
-0.698699
0.69533
-0.18495
0.085764
-0.610524
0.526077
-0.217384
-0.0646556
0.0585666
0.173274
0.393943
-0.504391
-0.379223
-0.214014
0.105659
0.696309
0.460022
-1.10708
-0.263825
1.15147
0.103261
-0.348978
-0.425544
0.569589
-1.02296
0.19763
0.250035
0.510963
-0.0693982
0.550328
-0.818178
0.734168
-0.334952
-0.166224
-0.279875
0.475678
0.513146
-0.716905
-0.642469
0.419855
0.315991
-0.297947
-0.180476
-0.407179
0.368062
0.281622
-0.532156
0.257288
0.367259
0.377171
-0.805567
0.0617394
0.493203
0.039918
-0.397056
0.352596
-0.164236
-0.617708
0.902125
-0.0304537
-0.24532
-0.170608
0.210869
0.00430097
-0.53761
0.323696
-0.757173
0.715586
-0.455166
-0.27338
0.714822
0.289664
-1.30733
1.0102
-0.0262905
0.540904
-0.731139
0.555523
-0.284196
0.346417
-0.204565
-0.198499
0.420405
0.394246
-0.26337
-0.706616
0.38414
-0.37549
-0.330833
0.670743
-0.342607
0.0647624
-0.496257
-0.075108
0.21013
0.835157
0.234881
-0.877548
0.670926
0.16283
-0.568413
0.478908
-0.48279
0.285094
0.153687
-0.605007
0.792934
-0.81831
0.704618
-0.748432
-0.755524
0.922623
0.731075
-0.844445
-0.615829
1.16487
-0.22732
-0.301487
0.79381
-1.49081
1.2302
-0.355777
-0.0742657
0.388202
0.131598
0.4448
-0.577812
-0.491316
0.466401
-0.42268
-0.58097
1.06923
0.664466
-1.30228
0.0723939
0.051891
-0.115512
0.719477
-0.720871
0.304066
-0.427383
0.131378
-0.08837
0.533364
-0.363761
0.592069
-0.373748
0.550566
-0.734571
0.439916
-0.322525
-0.205724
0.174715
0.700051
-0.293839
-0.453839
0.590862
-0.48695
0.0943207
0.0938327
0.413907
-0.660108
0.0231826
0.288933
-0.308682
0.0546139
-0.485127
0.601366
-0.288967
0.404138
-0.0280049
0.264433
-0.081417
-0.58557
0.241347
0.170587
-0.101047
0.18529
-0.550471
0.572492
-0.572554
0.523294
-0.00186705
-0.878908
1.33148
-0.634831
0.281867
-0.381381
0.142379
-0.32349
0.17339
0.496354
-1.10925
0.169009
0.896523
-0.0268782
-0.391375
0.725047
0.220426
-0.722665
-0.312316
0.31968
-0.213043
0.321992
-0.0707694
-0.434004
0.422422
0.0330167
-0.509861
0.335792
0.101553
-0.101553
-0.467965
0.747606
-0.432178
-0.483556
0.482606
-0.156681
0.601987
0.135555
-0.354808
0.0889088
0.0652079
-0.0555173
0.0294863
0.468858
-0.765215
-0.202763
1.41725
-0.781429
-1.33005
1.41369
-0.234644
-0.180451
-0.409624
0.656754
-0.205295
-0.168027
0.119996
-0.365289
0.482592
0.0654421
0.291534
0.305978
-0.97524
0.65259
-0.149619
0.175329
-0.62637
0.633738
0.333322
-0.555913
-0.203842
0.131719
0.141674
-0.387898
-0.0367625
-0.483744
1.20813
-1.01617
0.109916
0.0457126
0.664719
-1.24265
1.28579
0.0971391
-0.396333
0.185391
-0.325863
-0.0917862
0.688716
-1.19732
0.352318
0.375182
-0.675318
0.469278
0.371554
-0.293786
-0.636937
-0.167335
0.227504
1.16575
-0.694175
-0.121997
-0.790359
1.00463
-0.339704
0.305773
-0.190553
0.424338
-0.321355
0.0193051
-0.7565
0.871949
0.0290267
0.295909
-0.468015
0.41737
-0.289634
0.369691
-0.894122
0.158292
0.346236
-0.0651705
-0.525678
0.519395
-0.00900256
-0.0285694
0.221531
-0.405574
0.130092
0.203741
-0.462868
0.206643
0.966445
-0.0527804
-0.588666
0.135111
0.224728
-0.424725
0.267392
-0.201915
0.103875
0.0945968
0.0227197
-0.36999
-0.107569
0.122539
-0.109998
-0.114021
-0.405512
0.993513
-0.935628
0.796503
-0.0426303
0.484465
-0.0689621
0.268927
-0.988649
0.180108
-0.351242
-0.438956
0.799755
0.339281
-0.434629
0.411557
-0.716044
0.689158
-0.642597
-0.41899
-0.0469415
0.521066
0.0911886
0.142334
-0.0358731
0.470845
-0.638928
0.573347
-0.383052
0.169419
-0.452089
0.363837
0.392008
-0.494446
0.356449
0.0909784
-0.175839
0.373214
-0.322219
-0.330861
-0.22396
0.012415
0.368492
-0.0189419
0.13536
0.156678
-0.131913
-0.04299
-0.78009
0.225975
0.169858
-0.212113
0.869521
-0.922351
0.0302797
1.61537
-1.18651
0.508326
-0.0415278
0.0430159
-0.567288
0.143498
-0.263701
0.75048
-0.314324
0.341588
-0.212825
-0.189981
-0.200323
0.0395812
-0.287624
0.656326
-0.521157
-0.107875
-0.506621
0.981181
-0.326408
0.808483
-0.120347
0.0333483
-0.503916
0.235333
-0.15713
0.378735
-0.445499
0.214835
-0.140611
0.269996
-0.565412
0.0774764
0.921867
-0.448655
-0.599132
0.0983817
-0.275764
0.514803
-0.490545
0.322972
-0.402607
0.14774
0.163941
0.241455
0.194927
0.568009
-0.667376
0.135897
-0.421813
0.280438
-0.0788787
-0.115377
-0.594305
0.714755
-1.2838
0.994146
-0.352532
0.531514
-0.578073
-0.328071
0.479583
-0.667443
0.335715
0.392437
0.609881
-0.818534
0.19178
0.0829829
-0.541838
1.34562
-0.200236
-0.325411
-0.105554
-0.0996462
-0.344688
0.665888
-0.690883
0.403078
0.357793
0.537761
-0.586598
-0.204152
-0.248373
-0.220499
0.442439
-0.0955117
-0.216235
0.552779
-0.135965
0.0760614
-0.668151
-0.2042
0.322142
0.320872
0.462303
0.211346
0.310092
-1.13159
0.578645
-0.31826
1.14683
-0.747924
-0.491859
-0.0169951
0.297899
0.196217
0.157528
0.0783245
-1.81207
1.20763
-0.448926
0.320807
-0.534258
0.991083
-0.611007
-0.0280228
0.273113
0.319499
-0.0541315
0.159153
-0.52735
0.619173
-0.641198
0.648404
-0.261255
-0.501826
-0.215847
0.957127
0.241049
-0.756962
-0.599745
0.80257
-0.182421
-0.168495
-0.0348596
0.41353
-0.505649
0.13138
-0.522681
0.514037
-0.751606
1.26724
-0.296896
0.41185
0.0473309
-0.287505
-0.856561
1.02874
-0.53089
0.207719
-0.088875
0.877245
-0.9564
0.263062
0.0807616
-0.048539
0.00346475
-0.867812
0.7091
-0.176648
0.27152
-0.201804
-0.305291
0.324887
0.00982892
0.199301
-0.595872
0.747242
0.395163
-1.05433
0.312556
0.316348
-0.649261
0.285574
0.357558
-1.26618
-0.118264
0.567513
0.663637
-0.851512
0.635599
0.0141903
-0.333972
0.265553
-0.121634
0.545714
0.625114
-1.10052
-0.0996919
0.382024
-0.0377886
0.307487
-0.59502
-0.0438868
0.169507
0.441611
-0.274578
0.159807
-0.266635
-0.135146
-0.316168
-0.126755
1.1701
-0.26992
-0.791917
0.0448036
1.13791
-0.749095
-0.317456
0.229894
-0.494455
0.367474
-0.506368
1.13958
-0.710054
0.620034
0.0628233
0.235583
-0.0159811
-0.740923
-0.298325
0.516593
0.115072
0.243806
-0.868764
0.986839
-0.555096
0.552581
-0.885173
0.447943
0.225221
-0.0679569
-0.7269
0.519829
0.171459
-0.376314
0.785554
-0.185934
0.454602
-0.295801
-0.518177
-0.237687
0.331066
0.189256
-1.1195
0.999433
-0.321912
-0.0433312
0.805092
-0.647498
0.135833
-0.509051
0.419011
-0.943942
0.290177
0.596461
-0.232303
-0.252275
-0.260386
0.589424
0.55676
-0.0889992
-0.818478
0.387588
-0.305565
-0.0321722
1.20581
0.011511
-0.693734
0.500633
-0.307028
0.429863
-0.825813
-0.0682151
-0.42322
-0.0630905
0.935696
-0.00653084
-0.235095
0.32677
0.515821
-0.477121
-0.80826
1.06331
-0.870577
0.508735
-0.194424
-0.147272
-0.442918
0.865567
-1.12224
1.04329
-0.349629
0.75001
-0.271607
-0.734401
0.165045
0.66752
-1.21583
1.07933
0.409017
-0.416363
-0.448074
0.39339
-0.378551
0.700251
-0.676322
0.0378254
0.87139
-1.66731
0.665451
0.598255
-0.3113
0.107667
0.109067
0.105528
-0.431265
0.158441
0.0885213
0.142022
-0.486684
0.0078206
-1.01265
1.04499
0.213147
-0.18961
-0.24983
-0.121286
-0.248386
0.0728131
0.0368117
0.511554
0.488728
0.0301986
0.0593632
-1.23814
0.753941
0.151932
0.3428
-0.0325231
-0.461449
0.590438
-0.473406
0.253485
-0.32804
0.473366
-0.731608
0.452625
0.0871866
-0.212453
-0.0559298
-0.0206645
0.0125346
0.122895
-0.0524009
-0.653821
0.0294103
0.71501
-0.951847
0.356441
0.33626
-0.658368
0.208825
0.793932
0.121217
-0.39367
-0.069732
0.179504
-0.12699
0.252443
-0.912758
0.108534
0.355941
-0.475693
0.774286
0.139855
-1.51621
1.38346
-0.0445701
0.312323
-1.24289
1.2559
-0.286892
-0.252503
0.534239
-0.500112
0.147308
0.204617
-1.03575
0.952234
-0.212008
0.294206
-0.884707
0.946347
-0.646951
-0.0390382
0.195008
0.0699887
0.175947
-0.0272703
-0.797212
0.985991
-1.34376
1.07296
0.0147232
0.846668
-0.745998
-0.416339
0.521954
-0.413074
0.389107
0.137575
-0.236863
0.515908
-0.262738
-0.0588879
-0.380925
0.467892
0.169891
-0.39591
-0.068926
0.251287
-0.94059
0.0472174
0.223092
0.0626093
0.277577
0.259003
-0.72368
0.734961
0.0275211
-0.389608
0.491707
-1.04104
0.166238
0.419322
-0.0377386
0.100706
-0.135933
0.125319
0.733817
-1.11843
0.886798
-0.619445
-0.869047
0.935306
0.0135943
-0.0558337
-0.307329
0.41414
-0.716413
0.83437
-0.790044
0.58154
0.0849993
0.509478
-0.165952
0.0150771
0.142056
-0.550259
0.244886
-0.12595
-0.223825
0.639081
-0.201615
0.0871869
-0.736193
-0.427883
-0.447534
1.19695
-0.275822
0.488136
0
-0.794936
0.741564
-0.0903588
-0.389445
0.828413
-0.622701
0.222565
-0.111131
0.194273
0.184737
0.0773402
-0.0630875
-0.103945
-0.792711
0.0698589
0.235644
0.613048
-1.01257
0.500901
-0.177078
0.34262
-0.536594
0.246453
-0.261122
0.497288
-0.246332
-0.380731
-0.497433
1.2703
-0.79512
1.41752
-0.199769
-0.0296874
-1.45217
0.581885
1.12678
-0.346389
-0.191084
-0.366488
0.555781
-0.356529
0.170718
-0.646724
-0.641312
0.772649
-0.346885
0.520671
-0.216268
0.0858265
-0.0817767
0.579312
-0.542033
0.109436
0.023196
0.393629
0.316802
-1.61349
0.822857
0.493951
-0.343923
0.339268
-0.615583
0.576356
0.121195
-0.503399
-0.708891
0.674174
-0.279617
0.457873
-0.205359
-0.479885
0.882517
-0.315279
-0.441234
0.3113
0.635903
-0.142763
-0.317738
0.273673
-0.164293
0.272404
-0.242327
0.186372
-0.472036
-0.0153654
1.04016
-0.614381
0.650186
-0.543098
-0.359568
-0.618241
0.867192
-0.307013
0.373041
-0.376739
-0.526935
0.779686
-0.122295
-0.337954
0.101117
0.513689
0.212031
-0.798122
0.0519462
0.373264
-0.768298
0.878061
-0.0342901
0.168432
0.0502518
-0.629916
0.939989
-0.604447
-0.250607
0.396
-0.646849
0.551393
-0.315591
0.0308865
0.056016
-0.118693
0.00240667
0.310008
0.174303
-0.465135
0.166286
-0.389759
1.38358
-1.35731
1.36231
-1.29145
1.26384
-0.655306
0.700015
-0.763368
0.809319
-0.813807
-0.180533
0.245599
-0.741744
0.439333
0.480235
-0.0316264
-0.837633
0.606018
-0.264608
-0.149118
0.109583
0.40469
0.712793
-0.42342
0.41974
-1.10555
1.03159
-0.667237
0.783505
-1.07733
1.04615
-0.580377
0.615609
-0.46958
-0.178849
-0.941746
0.0792651
-0.0435196
-0.00800304
0.291256
-0.980022
0.466437
0.518086
0.233705
0.142552
0.339702
0.573745
-1.04644
1.02342
-0.864188
0.836542
-0.835425
0.881821
-0.622844
0.638008
-0.865402
0.815476
-1.57547
0.194686
-0.0639106
0.613575
0.387343
-0.49332
0.307898
-0.066221
0.116049
-0.44915
0.525339
-0.48668
0.345248
0.77949
-1.50111
1.40527
-1.10221
1.09159
-1.01586
0.926998
-0.928614
0.465391
-0.421086
0.07087
-1.13537
0.817467
-0.289376
0.378553
-0.38799
0.14595
0.880831
-0.947206
0.727253
-0.452274
0.355934
-0.888038
0.224798
0.309033
0.077655
0.438686
-0.0742595
-0.010646
0.0755353
0.106636
0.0011866
-0.273753
-0.330529
1.09529
-1.02259
-0.836732
0.502259
0.329609
0.374241
0.011604
0.0897246
0.0141716
-0.0615784
-1.30888
1.10877
-0.590967
0.213662
0.503121
-0.561496
-0.0334832
0.603649
-0.481741
0.504625
-0.39752
-0.656763
0.433338
0.0494109
-0.821731
0.553354
0.495396
-0.440711
0.193463
-0.0360574
-0.365882
-0.362314
0.411868
0.100612
0.253603
-0.207839
0.234762
0.584956
-0.141819
-0.412714
0.132221
-0.115788
0.18887
0.15924
-0.817362
0.771434
-0.0568689
-0.264324
0.0741444
0.0875051
-0.414044
-0.0769399
0.148496
-0.724252
0.0793122
1.17668
-0.433352
-0.254101
0.0237537
-0.190249
0.172513
0.473591
-0.260869
-0.0187166
0.169045
0.323077
-0.672953
0.491438
-0.819815
0.138787
0.564297
-0.706172
-0.119549
0.834608
-0.15879
0.591896
-0.0554246
-0.132858
-0.185506
-0.14517
-0.363459
0.834194
-0.506531
0.162727
0.507286
0.188095
-0.0850971
-0.145215
-0.503432
0.290544
-0.275366
0.2095
0.249583
-0.329366
0.840715
-1.67551
0.981844
-0.263497
0.0480435
-0.197397
-0.154196
-0.201352
0.259594
0.050044
-0.581405
0.426875
0.4387
0.194419
-0.15675
0.202933
0.025247
-0.626489
-0.528486
0.961113
-0.21833
-0.130041
0.412554
-0.0554453
-0.429406
0.806685
0.134208
-0.302863
-0.574104
0.0859055
-0.231071
0.647282
0.0797396
-0.111703
0.202051
-0.490518
-0.612892
0.710544
-0.185152
0.750911
-0.817407
0.165258
-0.539063
0.954067
-0.144373
-0.0240033
-0.313596
0.21615
-0.219914
0.278857
-0.634302
0.495285
-0.406173
0.270358
-0.00878176
-0.0182756
0.0592721
0.192557
-0.263202
0.607467
-1.03622
0.406749
-0.0136322
0.39772
-0.0361132
-0.325973
0.101502
-0.0622887
-0.432084
0.741694
0.103694
-0.214406
0.372268
-1.03173
1.10357
0.0682893
-0.892198
0.696393
-0.55195
-0.0425491
-0.0904557
-0.116136
-0.0570854
0.665557
-0.645074
0.249781
0.210674
0.0809457
0.020616
0.188994
-0.475246
0.423704
-0.725086
0.0750702
-0.0875621
-0.374997
1.0074
-0.130225
-0.130743
0.0788864
-0.212224
0.192884
-0.209431
0.25649
-0.530692
0.174227
0.144427
0.511358
-0.497573
-0.16234
-0.0333518
0.467338
-0.281097
0.264376
-0.178299
0.571191
-0.594147
-0.491025
0.599766
0.503638
-0.600421
0.391236
-0.318099
-0.115573
-0.252105
0.685156
-0.335768
-0.208167
-0.0550095
0.396263
0.0941932
-0.717526
0.137094
0.500486
0.363906
0.437593
-1.15753
0.558987
-0.0648784
0.186725
-0.223291
0.0486187
-0.377931
0.00659756
-1.00675
1.26227
0.031131
-0.0684476
-0.340895
0.85861
-1.05127
0.79127
-0.502407
0.347179
-0.590591
0.0342322
0.122557
0.0625135
0.487463
0.192768
-1.17698
0.810555
0.452778
-0.057599
0.0664883
-0.751361
-0.59766
1.38512
-0.390771
0.327926
-0.644821
-0.441538
0.887169
0.00885956
-0.0706005
-0.131911
-0.567654
0.642608
0.00584131
-0.125967
-0.541546
0.709789
0.198709
-0.379314
-0.163582
0.176825
0.148028
0.0857403
-0.678479
0.75375
-0.769457
0.468651
0.178683
0.0789779
-0.68391
0.267033
-0.233616
0.880414
-1.2039
0.88231
-0.378479
-0.0896598
-0.0635723
1.21421
-0.429127
-0.722178
0.312594
0.412544
0.260773
-0.158031
-0.283756
-0.193867
0.197406
-0.223189
-0.143997
-0.473661
0.515444
-0.151981
-0.483346
0.730746
-0.0399531
-0.061398
-0.424609
0.700774
-0.249203
0.35454
-1.0195
0.487107
-0.594119
0.624138
0.34407
0.454922
-0.520768
-0.112803
0.0312912
-0.250767
-0.715629
1.23107
-0.79895
0.275225
0.256869
0.343383
-0.501891
0.441382
-0.0772243
-0.428109
-0.362358
0.249109
-0.0194933
0.45397
-0.793045
0.18914
0.0978313
0.0944407
-0.281826
0.588841
-0.602329
0.746481
-0.655672
0.33903
0.0910901
-0.741141
0.713659
-0.212024
0.533457
-0.271806
-0.31498
0.503933
-0.213235
-0.298269
0.191043
0.139466
-0.353646
0.457496
-0.783662
0.052178
0.216251
0.0536907
-0.324233
0.534897
0.069796
0.233421
0.224597
-1.14705
1.33079
-0.302431
-0.961486
1.51653
-0.782522
0.742959
0.228391
-1.37884
-0.309973
0.1411
0.0518673
0.200864
-0.957431
1.15426
-0.105607
0.146783
-0.040712
-0.0239453
-0.150128
-0.0446984
-0.426226
0.748146
0.217033
-0.178458
-0.157533
0.340546
-0.793203
0.866796
-0.419775
-0.16429
-0.0928938
0.65505
-0.701468
0.857582
-0.700235
0.364971
-0.144138
0.0414627
-0.382419
0.474972
0.100919
0.228919
0.042208
-0.371092
-0.671116
0.75111
-0.117703
-0.101786
0.219776
-0.0511525
0.489553
-0.473957
-0.160189
0.104619
0.310684
-0.155948
-0.772742
0.758029
-0.3586
-0.0266187
-0.62898
0.452713
0.19218
0.691076
-0.551708
-0.0303417
-1.18591
1.4873
0.0869539
0.0696172
-0.816446
0.402097
-0.236095
0.171301
-0.112791
0.496751
-0.63308
0.14063
0.340202
-0.193419
-0.330405
0.713897
-0.570882
0.685003
-0.732949
0.169835
-0.260765
0.192647
-0.0675057
-0.0447625
0.742348
-0.574415
0.0932805
0.471452
0.24459
-0.489154
-0.590521
0.525964
-0.343276
0.556729
-0.641146
-0.494131
0.395119
0.520392
-0.866884
0.903534
-0.200772
-0.0763402
-0.0620644
0.0463764
-0.53281
0.659413
-0.181849
0.18632
-0.292052
0.576253
-0.0682362
-0.169662
0.367977
0.122295
-1.15879
0.93526
-0.471626
0.587422
-0.744431
0.38885
-0.484395
0.149758
-0.458409
0.472512
0.184613
0.240086
-0.414524
0.106633
-0.980208
0.844402
0.0788936
0.214786
-0.0937655
0.353324
-0.152244
-0.149971
0.0880276
0.0399458
-0.0186599
-0.491836
-0.30993
0.923
0.371907
-1.031
0.306133
-0.103202
0.317285
0.0687367
0.0533696
-0.259411
-0.356931
-0.0337763
0.520287
0.0903791
-0.762502
0.703628
-0.457652
0.392326
0.110855
0.283667
-0.557125
-0.769516
0.628441
0.318997
-0.0685816
-0.461303
-0.0155573
-0.652893
0.662801
0.617014
-0.517339
0.26779
-0.417636
-0.382453
0.339687
0.438094
0.0773509
0.323334
-0.254528
0.524331
-1.18091
0.163733
0.641553
-0.884124
0.129238
0.613914
-0.480133
0.475519
0.195937
-0.284677
0.0883232
0.200302
0.69535
-0.753135
-0.664353
0.736588
-0.265812
-0.603678
0.0409591
0.351068
-0.798802
-0.15839
0.996597
0.300905
-0.0850385
0.343161
-0.847157
0.868437
-0.324561
0.299237
-0.628626
-0.724044
1.31417
-0.156699
-0.2287
-0.137029
0.76424
-0.441147
-0.826758
0.533031
0.056379
0.326312
-0.586301
0.408309
-0.926297
1.32656
-1.43616
1.47724
-1.02489
0.702004
-0.817973
0.620547
-0.112373
-0.0749334
-0.383999
0.124687
-0.314057
0.883278
-0.0565041
-0.055067
-0.542004
0.686226
-0.177512
0.383495
-0.221526
0.14545
-0.406394
0.757646
-0.868882
-0.146583
0.25782
-0.425337
0.111733
0.55419
0.0742147
0.473569
-0.675661
-0.0497529
-0.20897
0.576794
-0.440504
-0.585403
0.0212737
0.384243
-0.554241
0.343315
-0.166492
1.32164
-1.11759
1.04284
-0.903249
-0.429589
0.121193
0.55205
0.0281866
0.558955
-0.35818
0.676222
-0.879072
0.247796
-0.751214
0.651384
-0.454286
0.65928
-1.07642
0.221905
0.757541
0.456809
-1.38101
0.351786
-0.784515
0.0888686
0.887246
0.0893497
-0.385022
-0.0355648
-0.102278
0.46874
-0.468085
-0.148002
-0.232673
1.3777
-0.940378
-0.136561
0.353001
-0.00919297
0.598243
0.853829
-0.536707
-0.233206
0.506671
-0.379921
0.00683175
-1.18869
1.14122
-1.36471
-0.218001
0.366711
-0.274908
0.643797
0.399164
-0.0908638
0.103786
-0.6006
0.454449
0.451739
-0.17729
-0.266983
0.0621298
0.407063
-0.994138
0.379607
0.361072
0.0385979
-0.867142
0.105357
0.219502
0.636559
-0.0343175
-0.146301
-0.0297899
0.119314
0.470152
-0.494171
-0.457621
0.317783
-0.637069
0.0477861
0.489434
-0.230667
0.423249
-0.0415077
0.187997
-0.210093
-0.205172
0.663654
-0.165188
-0.801245
1.02442
-0.796393
0.966121
-0.737251
-0.730962
0.621171
0.138775
0.644909
-1.02166
0.763627
-0.312274
0.481193
-0.909971
0.940926
-1.20322
0.605482
0.0652862
-0.61018
1.1291
-0.0648791
-0.0887993
-0.195408
-1.21631
0.918904
0.644281
-0.425347
0.848013
-0.73082
-0.586074
1.00361
-1.19132
-0.110672
-0.102946
0.955195
-0.938133
0.67409
-0.0736273
-0.193333
-0.0239228
0.849196
0.27593
-0.757501
-0.0858516
-0.155708
-0.160069
0.559894
-0.239109
0.610165
-0.359576
-0.400742
0.374185
-0.190956
-0.200044
-0.374272
0.352231
0.27199
-0.117754
-0.024188
-0.248956
0.163483
0.139158
0.289094
-0.460409
0.358504
0.129724
-0.0837134
-0.404152
0.611227
-0.54269
0.0977339
-0.127987
0.282225
0.106066
-0.932443
1.41444
-1.09659
-0.329905
1.05569
-0.486816
0.436917
0.181141
-0.199973
-0.471926
0.48439
-0.502738
0.898622
-0.679957
0.646407
-0.509833
0.175309
0.445754
-0.898878
-0.0279836
-0.111921
0.448957
0.102999
-0.386213
0.04999
-0.215135
0.478171
-0.0826215
0.260858
-1.01515
0.242178
-0.0449033
-0.187727
0.902956
-0.802774
0.393404
0.129489
-0.545152
0.490728
0.585256
-0.655278
0.205772
-0.284689
-0.563092
0.452531
0.695094
-0.747414
0.45493
0.553755
0.518576
-0.728525
-0.835524
0.255039
-0.181891
0.241789
-0.0227185
-0.371854
0.577262
-0.41751
-0.34193
0.232815
0.485741
0.202689
-0.263103
-0.190805
-0.394803
0.608074
0.403965
-1.13241
0.59861
0.303962
-0.127654
0.328172
0.353915
-1.20748
0.248571
0.291518
-0.0129106
0.334408
-0.387748
-0.257287
0.0339984
0.329272
0.141004
-0.6832
-0.457895
1.12608
-0.658943
0.378961
0.171084
-0.308999
0.298967
0.720253
-0.505334
-0.317591
0.134497
-0.279146
0.715369
-0.44242
-0.375622
0.659909
-0.793782
0.761761
-0.626967
-0.12948
0.21584
0.321535
-0.298774
0.313372
-0.213707
0.832943
-1.15872
0.299752
-0.0167683
0.213501
0.00830725
0.476917
0.191068
-0.956143
0.068442
0.196224
-0.266558
-0.962543
1.31971
-0.106964
0.126497
0.485187
-0.413091
-0.407101
0.138029
-0.27225
0.0503691
0.665278
-0.895985
0.498221
-0.34714
0.718419
-0.834491
1.03399
-0.655684
0.135305
-0.144769
0.380495
-0.704991
0.662207
0.00621761
-0.553055
-0.0576084
0.249085
-0.496736
0.98545
-0.13857
0.118481
-0.848575
0.404461
0.186002
0.284967
-0.965138
0.602615
-0.283382
0.462071
-0.382485
-0.218037
0.910007
-0.346389
-0.148393
0.515175
-0.737424
-0.575463
-0.446739
1.49175
-0.320545
0.126892
-0.291338
-0.112457
-0.880959
0.979213
-0.0840328
0.222578
0.132916
-0.0217425
-0.9866
1.24256
-1.20273
1.04341
-0.210331
-0.362098
0.378735
0.347174
-0.371692
0.179875
-0.0942901
-0.278341
0.433743
-0.13543
-0.0491681
0.00171936
-0.431242
0.579505
-0.311049
0.368192
-0.828558
0.587247
-0.0166894
-0.198798
-0.145952
0.442876
0.166204
-0.0822307
0.0883947
-0.363445
-0.28366
0.159086
0.247985
-0.0913378
-0.318117
0.748084
-0.408838
0.0609321
0.120254
0.211094
-0.449384
0.0945021
-0.453829
0.51192
-0.263399
0.489688
-0.713288
0.28543
0.326245
-0.0588844
-0.239193
0.690482
-0.449081
-0.30388
0.351198
0.0466499
-0.868693
0.828468
-0.608639
0.994229
0.696945
-1.05205
-0.14169
-0.16057
-0.995702
0.889358
-0.283958
0.745623
-0.123798
0.0888027
-0.0772311
-0.134268
-0.727778
1.18103
-0.443681
-0.0413793
0.0329546
-0.0829054
-0.101121
0.879272
-0.435229
-0.153434
0.217034
-0.684111
0.297905
0.104701
-0.123828
0.0217498
0.00937271
0.190409
0.299445
0.346875
-0.822147
0.238723
-0.048365
0.256218
0.179996
0.0283651
-0.24184
0.0693529
-0.230212
0.316202
-0.273981
0.161094
-0.772763
0.442148
0.123529
-0.422258
0.159977
0.0118315
-0.249597
0.631049
0.298184
-0.471198
-0.194101
0.196022
-0.644521
0.918593
-0.680738
0.318836
-0.253619
0.431461
-0.268238
0.583175
-0.598786
-0.223025
-0.139678
0.524982
-0.0990137
-0.541981
-0.30375
1.05004
-0.150775
-0.371951
0.485107
-0.199474
-1.10786
1.06363
-0.0821776
-0.730307
0.836622
0.249395
0.0456468
-0.183406
-0.749029
1.0022
-0.289009
0.337046
-0.655584
0.866211
-0.69542
-0.307458
0.19475
0.158003
-0.653579
0.66453
0.874183
-0.855247
0.056984
0.210873
-0.371218
0.0905537
0.0630774
0.136621
-0.642137
0.513359
0.40102
-0.726159
-0.136974
0.559468
-0.11955
0.232464
-0.0261902
0.0368027
0.156016
-0.454487
-0.0999522
-0.186448
0.623026
-0.566001
0.0697572
0.137625
-0.526587
0.230984
-0.559846
0.853655
0.323064
-0.0653293
-0.123315
0.25011
-0.300565
0.246974
-0.216112
-0.79743
0.768122
0.607229
-0.444403
-0.26466
0.0249685
0.0688425
0.0119332
0.531982
-0.427703
0.275054
-0.699647
0.351582
-0.260717
0.281822
-0.0436429
-0.0994357
0.257164
0.107468
-0.723534
0.0290156
0.0446321
0.455017
-0.361465
0.107998
0.0459913
-0.0767389
0.614885
-0.525695
0.0890122
-0.0604217
0.186691
-1.04055
1.16371
-0.173285
-0.000351803
-0.597064
0.272424
0.195415
0.462738
-0.326957
-0.512364
-0.0334603
-0.184841
0.967896
0.0679239
-1.51099
-0.046073
1.00671
-0.209391
-0.0425306
-0.0342417
0.123576
-0.077818
0.47121
-0.0095641
0.417549
-0.0554997
0.152078
0.561521
-0.800679
-0.230168
0.25843
-0.193072
-0.189031
-0.117945
-0.355261
-0.149553
0.864251
-0.289076
0.395736
-0.800888
0.458123
0.206207
0.187122
-0.976552
0.577696
-0.122821
0.158312
0.330099
-0.289775
0.767878
-0.224396
-0.14805
-0.335279
0.559356
-0.612239
-0.26245
0.754665
-0.685305
-0.128504
0.111778
-0.309777
-0.591522
1.14038
-0.119617
0.54117
0.0202034
-0.914355
-0.684566
1.4339
-0.627515
0.147301
0.114709
0.317855
-0.300566
0.250686
-0.093146
-0.0803656
-0.278462
-0.266924
0.270443
0.694188
-1.14474
0.610132
-0.446753
0.419433
-0.230073
0.290199
0.394819
-0.287548
-0.761671
0.665544
-0.101836
0.506094
-0.29462
-0.15894
-0.0207692
0.124628
-0.0426353
0.614981
-0.813424
0.542642
0.107723
-0.660152
0.144217
-0.0819997
-0.531723
0.752843
-0.880052
0.036434
0.336401
0.422862
-0.343168
0.0932213
-0.377913
0.275344
0.457667
-0.141162
-0.651807
0.762697
0.277855
0.0544524
-0.0204597
-0.485747
-0.218571
0.628028
-0.792787
0.54503
-0.373153
0.237859
0.265919
-0.233508
-0.606032
0.851016
-0.293251
0.460831
-0.569747
0.295557
-0.931624
0.610404
0.684672
-0.890111
1.29892
-0.775411
-0.123267
0.0522441
0.00116858
0.309129
-0.125449
0.208531
0.325199
-0.45567
-1.33248
-0.122524
0.873746
0.599345
-0.865533
0.506471
-0.178129
0.399468
0.107888
0.662223
-0.333897
-0.132159
-0.626462
-0.0246703
0.466105
-0.164762
-0.682986
0.167155
0.325304
-0.00495116
0.526978
-1.38801
0.322514
-0.052967
0.783846
-0.0697203
-0.0626652
0.35203
-0.593384
0.143437
-0.82523
0.603137
0.425092
0.208186
-0.273964
-0.746626
0.501087
0.311706
-0.246309
0.251402
0.391389
-0.757871
-0.0514819
0.625725
-0.173967
-0.393186
0.404624
0.234271
-0.893468
-0.012333
0.850583
0.0631653
-0.422229
0.437782
0.35357
-0.511471
-0.209114
-0.595463
0.948454
0.0932838
-0.623159
0.344305
-0.0152313
-0.117328
-0.353878
0.935953
-0.982843
0.665579
-0.436271
-0.205685
0.241244
0.353228
-0.345479
0.288323
-0.0138965
-0.750312
0.714895
0.313088
-0.651688
0.345312
-0.82681
0.651202
-0.4669
0.920947
-0.624623
0.567549
0.269996
-0.516467
0.0272846
0.335105
-0.512085
0.391368
-1.29972
0.94139
-0.367254
0.520516
-0.286914
0.321758
-0.517633
0.216872
-0.049266
0.433638
-0.643216
0.882685
-0.382045
0.000469473
-0.551619
0.414407
-0.0863711
0.129548
0.463345
-0.548599
0.278024
0.176534
0.0929438
-0.680029
-0.20178
0.290575
-0.222354
-0.491264
0.783621
0.232435
-0.704295
0.680429
0.338067
0.125909
-0.619011
0.0874409
-0.188182
0.20211
-0.124467
-0.0494963
-0.654755
0.161653
0.110539
-0.038759
0.541649
0.0687575
0.010382
-0.235395
0.652776
-0.568591
0.13356
-0.921001
0.707202
0.32456
-1.01053
0.894997
-0.364056
0.0483107
0.26618
0.182174
-0.717835
-0.0509192
-0.135222
0.574554
-0.325971
0.170285
-0.072786
0.146432
0.608356
-0.293868
0.0845788
0.231673
0.695247
-0.913878
-0.0548322
-0.629092
-0.0568204
0.7102
-0.214932
0.435178
-0.203682
0.169574
-0.687738
0.510416
0.313493
0.211644
-0.888837
0.266913
0.0374535
-0.209677
-0.0245847
-0.189323
0.111576
0.135293
1.09203
-1.20591
-0.0507102
-0.309374
-0.0208698
0.369979
-0.311865
0.725956
-0.740457
-0.313287
-0.317006
0.628215
-0.050517
0.494983
-0.442009
0.382796
0.243152
0.338067
-0.363972
0.000251539
-0.305909
0.345394
-0.248359
-0.373036
-0.134712
0.969586
-0.462771
-0.11258
0.0888703
0.723146
-0.656737
-0.18958
0.248944
0.396862
-0.0186874
-0.386921
-0.201563
0.362527
-0.367339
0.496573
0.179672
-1.02396
-0.00337142
0.833267
0.208499
-0.266219
-0.446954
0.148794
0.369526
-0.939334
0.934861
-0.143364
0.62646
-1.0984
0.566255
0.0494168
-0.306012
0.108202
0.389778
-0.78833
0.198719
0.236659
-0.560975
0.926822
-0.774367
0.21972
0.0332579
0.489289
-0.16603
0.194575
-1.23938
0.342307
0.371607
-0.00524726
0.832926
-0.498292
-0.0664098
-0.178556
0.552812
-0.360165
-0.305008
-0.465866
-0.344935
0.55048
0.645578
-0.316187
0.0821706
-0.0841008
-0.104735
0.178443
-0.443771
0.986017
-0.502107
-0.688943
0.449676
0.310954
-0.549392
0.299533
0.0790152
-0.608683
0.434722
-0.0441262
0.169688
0.0963757
-0.284939
0.204536
0.00651969
0.0685764
-0.294274
0.0847756
-0.0408867
-0.160033
-0.176034
0.799454
-0.240673
-0.106617
-0.227268
-0.13812
6.95241e-05
0.423771
-0.334498
0.383074
-0.0493138
-0.0395967
-0.177882
0.166428
-0.803087
1.01538
-0.169995
-0.276705
-0.0745733
-0.121183
0.0429409
0.868628
-0.302022
-0.109117
0.297386
-0.114208
-0.553159
0.588313
-0.232542
-0.647375
0.227483
-0.0334789
0.74995
-0.89621
-0.143334
0.307478
0.189635
0.209744
-0.715429
0.787668
0.240262
0.00674439
0.201125
-0.197894
-0.205694
0.061889
0.15291
0.0424982
-0.390407
-0.118909
0.411919
0.0574826
0.0577276
-0.581605
0.131677
-0.0644528
-0.0746949
0.152404
1.25791
-1.00942
-0.579625
-0.0287634
-0.301536
0.731645
-0.562532
0.325248
-0.341186
0.254074
-0.147235
0.592947
-0.174324
0.0870429
-0.418229
0.271848
0.139357
-0.0942699
-0.779551
0.196639
0.407549
-0.0123067
-0.150583
1.12458
-0.766243
-0.0708909
-0.0272572
0.451842
0.34316
-0.275107
-0.446018
-0.0328234
0.289734
0.134901
-0.381667
0.418557
-0.280037
0.157486
0.555616
-0.255522
-0.911192
0.0804828
0.712521
-0.508842
0.683512
-0.932248
0.682371
-0.220329
0.156932
0.0939878
-0.488395
0.591343
-0.0354297
-0.0166868
0.128484
-0.029402
0.136793
-0.708803
0.410267
-0.580047
0.327003
0.0474157
-0.377803
0.61274
-0.102756
-0.00663591
-0.0365448
-0.29574
-0.167678
0.0803228
0.827396
-0.961857
0.366046
-0.0423725
0.103329
0.602837
-0.732662
0.071349
-0.255549
0.543002
-0.282223
0.152165
-0.0559978
-0.0276538
-0.334285
0.468156
0.231435
-0.762656
0.611937
-0.11472
0.169898
-0.00298143
-0.599826
0.153305
0.196118
0.0728289
-0.341824
0.997015
-0.27181
0.0434657
-0.95346
0.168765
0.126047
0.503571
-0.03258
0.414517
-0.124197
-0.39883
-0.747696
0.362659
0.480615
-0.467034
-0.277439
0.649784
0.272167
-0.873224
0.232889
0.00886737
-0.102714
-0.0782836
0.0330645
-0.328734
-0.140888
0.786308
-0.326547
0.307992
-0.146089
-0.0376411
-0.353283
0.902611
-0.187852
-0.334899
-0.0185712
0.36994
-0.00470899
0.258092
-0.382391
0.146128
-0.214352
-0.185732
0.263331
-0.0222927
0.49454
-0.836567
-0.064458
0.128075
-0.20242
-0.806481
1.32728
-0.284378
-0.165833
0.618042
-1.35112
0.673614
0.0535935
-0.757607
1.1905
0.158233
-0.986029
0.634828
-0.0368738
0.529582
0.325513
-0.694316
-0.215696
0.297195
-0.965639
1.04363
0.111763
0.284392
0.28453
-0.0907715
-1.43433
0.832657
-0.38259
-0.376051
0.860119
-0.184637
0.242559
-0.218936
-0.252943
0.283316
0.101363
-0.0454834
-0.211106
-0.607652
0.26539
0.206334
-0.392055
0.575233
-0.297206
0.560965
0.581339
-0.871891
-1.11079
1.16674
0.334237
-0.476035
-0.120455
-0.785427
1.03169
-0.290884
-0.26133
-0.129318
0.500239
0.612918
-0.164686
-0.435011
-0.232534
0.174764
0.0145862
0.133725
0.0621105
0.16693
-0.315616
-0.0370242
0.551355
-0.634965
0.369186
0.333269
-0.104898
-1.22286
0.205818
-0.233791
0.803806
-0.250504
0.559938
-0.0932391
0.0863317
0.347073
-0.841957
-0.0800028
-0.456143
0.593179
0.0388839
0.257019
-0.046529
0.314845
-0.0998792
0.109144
-0.562565
-0.184555
0.0295892
0.602509
-0.246553
-0.126146
-0.161046
-0.0777554
0.0973772
0.11448
-0.18407
0.383598
-0.163347
-0.189182
-0.0413698
0.57084
-0.355763
-0.41954
-0.570166
0.916003
-0.365321
0.129355
0.0873342
0.0294333
-0.0342433
0.418032
-0.117225
0.11029
-0.0231642
-0.113651
-0.341452
0.287796
0.589846
-0.303897
-1.11248
0.152448
0.628663
0.497753
-0.80703
0.0869959
-0.0300763
0.415812
0.287181
-0.556642
0.103184
0.154311
-0.648413
0.24141
0.408895
0.333507
-0.58619
0.454534
-0.240389
-0.768167
0.465837
0.628822
-0.326926
0.305824
-0.431899
0.335603
-0.507077
0.282847
-0.171669
0.662194
-0.125263
0.136424
-0.713746
0.0791812
0.0206959
-0.0468887
-0.363367
0.256747
-0.0715969
0.0604907
0.545733
0.0285479
-0.0998095
-0.22468
-0.126805
0.0989731
0.112082
-0.101617
-0.797391
1.22945
-0.322487
-0.462012
0.594811
-0.167187
0.0479873
-0.156832
1.14665
-1.51992
1.54001
-0.64427
0.575491
-1.07013
1.12376
-1.35859
-0.111445
0.0165392
0.468131
-0.0638557
-0.187031
0.00609245
0.0375098
0.0088487
0.0789213
0.627756
-1.25278
0.823108
0.945715
-1.00593
1.02536
-0.768101
0.645296
-1.07954
1.14152
-1.40547
1.37223
-1.66731
1.75854
-0.684636
-0.620045
0.0495649
-0.538593
0.893448
-0.564658
0.739686
-0.414606
0.283604
-0.852881
0.571943
0.0125166
-0.0196547
1.00142
-0.997354
1.02674
-0.48643
0.602769
-0.29098
0.131279
-0.720814
0.784173
-0.275269
0.136347
-0.69632
-0.0426897
0.00362923
-0.993205
0.599783
0.0865097
0.0798709
-0.197863
0.0658256
0.0655541
-0.136148
-1.00681
1.07318
1.23084
-1.00974
1.05699
-1.15947
1.11222
-0.691747
0.64711
-0.969026
0.977182
-0.903861
0.800009
-1.32391
0.337744
-0.083454
0.362308
0.266806
-0.90733
0.189387
-0.216733
0.201261
-0.509807
0.970731
-0.161628
-0.0657091
1.00486
-1.02182
1.02559
-0.926621
0.936208
-0.89748
0.905305
-1.30467
0.970396
-1.20223
1.25156
-0.919547
0.314679
-0.460349
0.330855
0.286911
-0.912984
0.503216
0.126269
0.145329
-0.295139
0.10295
0.101979
0.225828
-0.0875794
-0.23438
0.791873
-0.604999
0.804214
-0.946636
0.786675
-0.388447
-0.780385
-0.264311
1.12282
-0.718954
0.37554
0.170783
-0.549929
0.493533
-0.461473
0.386608
-0.103368
-0.444758
-0.165103
0.392943
0.0463342
0.184989
0.71147
-0.451664
0.387288
-0.690638
-0.0171142
-0.517692
0.331344
-0.10559
0.209835
-0.115421
0.666831
-0.42328
-0.737369
0.125199
0.0933558
0.636029
0.0270288
-0.0535828
-0.0663925
-0.780364
0.480524
0.261853
-0.338265
0.0908306
1.13723
-1.05187
1.12135
-1.36224
1.38882
-0.703166
0.754582
-2.18681
2.10096
-1.04281
1.05666
-1.3226
0.349346
-0.594565
0.808853
-0.907012
0.377495
-0.0238567
-0.218012
-0.1109
0.631512
-0.504117
0.796003
0.0842934
0.747908
-0.977448
1.00443
-1.58372
1.42082
-1.45063
1.51662
-0.187087
0.163254
-0.862803
0.850334
-1.27735
-0.075924
0.276489
-0.0958788
0.529118
-1.32969
0.145819
0.64388
-0.35166
-0.510862
0.418492
0.718376
0.30103
0.629147
-0.88498
0.874361
-1.04368
1.1216
-1.36282
1.2644
-1.61259
1.81871
-1.28962
1.1082
-1.21342
-0.316748
0.0423061
0.00540707
0.263881
0.0959186
-0.191931
-0.465502
0.269675
-0.322375
0.574467
-0.453506
0.627731
0.956518
-1.23017
1.26126
-1.1287
1.24914
-1.20594
1.30905
-0.931916
0.66945
-0.523189
0.739898
-0.969306
0.130457
-1.10991
0.831877
0.303575
-0.74646
0.775694
-0.661075
-0.73295
0.676554
0.197331
-0.606381
1.70013
-0.164396
-0.827985
0.391108
0.128368
-0.214585
-0.0332681
-0.0534412
-0.214159
0.163742
-0.70071
0.257815
0.278185
-0.182336
0.290974
-0.243541
-0.0703446
-0.0671191
-0.0167284
0.466721
0.165184
-0.464998
0.172938
-0.262879
-0.0532911
0.207388
0.0415761
0.342205
-0.0280928
-0.83651
1.05422
-0.695043
0.258698
-0.546686
0.645292
0.537443
-0.796983
0.303709
-0.0793604
-0.490639
0.0912685
-0.201737
0.207306
0.651003
-1.33243
0.421816
0.639532
-0.269562
0.327957
0.18829
-0.179521
-0.0410244
-0.588197
0.467017
0.400211
0.167208
-0.0754118
-0.304531
0.174618
-1.40623
0.959133
0.161791
-0.160787
-0.368878
0.0167755
-0.100254
0.73525
-0.557052
0.261007
0.266246
-1.07223
0.170682
0.704292
-0.421703
-0.509154
0.930205
0.437421
-0.127498
-0.29144
0.724004
0.109016
-1.07119
0.639616
-0.262734
0.177029
0.523113
-0.824671
0.00887797
-0.474362
1.30935
-1.425
0.510859
0.0266655
0.712205
-0.508974
0.237176
-0.216646
0.254156
-0.0642767
0.00580724
-0.608485
0.392522
-0.0557002
0.190399
-0.427395
0.456765
-0.380859
0.345983
-0.754553
-0.230842
1.12072
-0.802663
0.93104
-0.923322
0.236959
-0.927537
1.15998
-0.138303
-0.00128206
0.476482
-0.102056
-0.2955
-0.0228038
-0.814465
0.456355
0.818093
-0.370296
0.34629
-0.346961
-0.0353978
0.460548
-0.231498
-0.447632
0.242727
0.322917
0.151382
-0.287179
-0.519346
0.0918717
0.0823485
-0.134224
0.489178
-0.0543778
-0.417687
0.773438
-0.269373
-0.297324
0.139187
-0.552986
0.640136
-0.300403
-0.95711
1.07335
-0.193114
0.526045
-0.600734
0.731001
0.184209
-0.639127
0.599975
-0.800448
0.0281605
0.386839
-0.479058
-0.0977049
0.271472
0.683315
-0.356972
-1.10796
0.513056
0.494839
-0.864171
0.424916
0.163653
-0.318971
0.0831501
0.294743
0.397507
0.0801349
-0.240202
-0.982988
0.735777
-0.198949
